FoamFile
{
    version     2.0;
    format      ascii;
    class       labelList;
    location    "constant/polyMesh";
    object      owner;
}

16728     
(
 0 1 2 3 4 5 6 7 8 9
 10 11 12 13 14 15 16 17 18 19
 20 21 22 0 1 24 2 25 3 26
 4 27 5 28 6 29 7 30 8 31
 9 32 10 33 11 34 12 35 13 36
 14 37 15 38 16 39 17 40 18 41
 19 42 20 43 21 44 22 45 23 46
 24 25 48 26 49 27 50 28 51 29
 52 30 53 31 54 32 55 33 56 34
 57 35 58 36 59 37 60 38 61 39
 62 40 63 41 64 42 65 43 66 44
 67 45 68 46 69 47 70 48 49 72
 50 73 51 74 52 75 53 76 54 77
 55 78 56 79 57 80 58 81 59 82
 60 83 61 84 62 85 63 86 64 87
 65 88 66 89 67 90 68 91 69 92
 70 93 71 94 72 73 96 74 97 75
 98 76 99 77 100 78 101 79 102 80
 103 81 104 82 105 83 106 84 107 85
 108 86 109 87 110 88 111 89 112 90
 113 91 114 92 115 93 116 94 117 95
 118 96 97 120 98 121 99 122 100 123
 101 124 102 125 103 126 104 127 105 128
 106 129 107 130 108 131 109 132 110 133
 111 134 112 135 113 136 114 137 115 138
 116 139 117 140 118 141 119 142 120 121
 144 122 145 123 146 124 147 125 148 126
 149 127 150 128 151 129 152 130 153 131
 154 132 155 133 156 134 157 135 158 136
 159 137 160 138 161 139 162 140 163 141
 164 142 165 143 166 144 145 168 146 169
 147 170 148 171 149 172 150 173 151 174
 152 175 153 176 154 177 155 178 156 179
 157 180 158 181 159 182 160 183 161 184
 162 185 163 186 164 187 165 188 166 189
 167 190 168 169 192 170 193 171 194 172
 195 173 196 174 197 175 198 176 199 177
 200 178 201 179 202 180 203 181 204 182
 205 183 206 184 207 185 208 186 209 187
 210 188 211 189 212 190 213 191 214 192
 193 216 194 217 195 218 196 219 197 220
 198 221 199 222 200 223 201 224 202 225
 203 226 204 227 205 228 206 229 207 230
 208 231 209 232 210 233 211 234 212 235
 213 236 214 237 215 238 216 217 240 218
 241 219 242 220 243 221 244 222 245 223
 246 224 247 225 248 226 249 227 250 228
 251 229 252 230 253 231 254 232 255 233
 256 234 257 235 258 236 259 237 260 238
 261 239 262 240 241 264 242 265 243 266
 244 267 245 268 246 269 247 270 248 271
 249 272 250 273 251 274 252 275 253 276
 254 277 255 278 256 279 257 280 258 281
 259 282 260 283 261 284 262 285 263 286
 264 265 288 266 289 267 290 268 291 269
 292 270 293 271 294 272 295 273 296 274
 297 275 298 276 299 277 300 278 301 279
 302 280 303 281 304 282 305 283 306 284
 307 285 308 286 309 287 310 288 289 312
 290 313 291 314 292 315 293 316 294 317
 295 318 296 319 297 320 298 321 299 322
 300 323 301 324 302 325 303 326 304 327
 305 328 306 329 307 330 308 331 309 332
 310 333 311 334 312 313 336 314 337 315
 338 316 339 317 340 318 341 319 342 320
 343 321 344 322 345 323 346 324 347 325
 348 326 349 327 350 328 351 329 352 330
 353 331 354 332 355 333 356 334 357 335
 358 336 337 360 338 361 339 362 340 363
 341 364 342 365 343 366 344 367 345 368
 346 369 347 370 348 371 349 372 350 373
 351 374 352 375 353 376 354 377 355 378
 356 379 357 380 358 381 359 382 360 361
 384 362 385 363 386 364 387 365 388 366
 389 367 390 368 391 369 392 370 393 371
 394 372 395 373 396 374 397 375 398 376
 399 377 400 378 401 379 402 380 403 381
 404 382 405 383 406 384 385 408 386 409
 387 410 388 411 389 412 390 413 391 414
 392 415 393 416 394 417 395 418 396 419
 397 420 398 421 399 422 400 423 401 424
 402 425 403 426 404 427 405 428 406 429
 407 430 408 409 432 410 433 411 434 412
 435 413 436 414 437 415 438 416 439 417
 440 418 441 419 442 420 443 421 444 422
 445 423 446 424 447 425 448 426 449 427
 450 428 451 429 452 430 453 431 454 432
 433 456 434 457 435 458 436 459 437 460
 438 461 439 462 440 463 441 464 442 465
 443 466 444 467 445 468 446 469 447 470
 448 471 449 472 450 473 451 474 452 475
 453 476 454 477 455 478 456 457 480 458
 481 459 482 460 483 461 484 462 485 463
 486 464 487 465 488 466 489 467 490 468
 491 469 492 470 493 471 494 472 495 473
 496 474 497 475 498 476 499 477 500 478
 501 479 502 480 481 504 482 505 483 506
 484 507 485 508 486 509 487 510 488 511
 489 512 490 513 491 514 492 515 493 516
 494 517 495 518 496 519 497 520 498 521
 499 522 500 523 501 524 502 525 503 526
 504 505 528 506 529 507 530 508 531 509
 532 510 533 511 534 512 535 513 536 514
 537 515 538 516 539 517 540 518 541 519
 542 520 543 521 544 522 545 523 546 524
 547 525 548 526 549 527 550 528 529 552
 530 553 531 554 532 555 533 556 534 557
 535 558 536 559 537 560 538 561 539 562
 540 563 541 564 542 565 543 566 544 567
 545 568 546 569 547 570 548 571 549 572
 550 573 551 574 552 553 576 554 577 555
 578 556 579 557 580 558 581 559 582 560
 583 561 584 562 585 563 586 564 587 565
 588 566 589 567 590 568 591 569 592 570
 593 571 594 572 595 573 596 574 597 575
 598 576 577 600 578 601 579 602 580 603
 581 604 582 605 583 606 584 607 585 608
 586 609 587 610 588 611 589 612 590 613
 591 614 592 615 593 616 594 617 595 618
 596 619 597 620 598 621 599 622 600 601
 624 602 625 603 626 604 627 605 628 606
 629 607 630 608 631 609 632 610 633 611
 634 612 635 613 636 614 637 615 638 616
 639 617 640 618 641 619 642 620 643 621
 644 622 645 623 646 624 625 648 626 649
 627 650 628 651 629 652 630 653 631 654
 632 655 633 656 634 657 635 658 636 659
 637 660 638 661 639 662 640 663 641 664
 642 665 643 666 644 667 645 668 646 669
 647 670 648 649 672 650 673 651 674 652
 675 653 676 654 677 655 678 656 679 657
 680 658 681 659 682 660 683 661 684 662
 685 663 686 664 687 665 688 666 689 667
 690 668 691 669 692 670 693 671 694 672
 673 696 674 697 675 698 676 699 677 700
 678 701 679 702 680 703 681 704 682 705
 683 706 684 707 685 708 686 709 687 710
 688 711 689 712 690 713 691 714 692 715
 693 716 694 717 695 718 696 697 720 698
 721 699 722 700 723 701 724 702 725 703
 726 704 727 705 728 706 729 707 730 708
 731 709 732 710 733 711 734 712 735 713
 736 714 737 715 738 716 739 717 740 718
 741 719 742 720 721 744 722 745 723 746
 724 747 725 748 726 749 727 750 728 751
 729 752 730 753 731 754 732 755 733 756
 734 757 735 758 736 759 737 760 738 761
 739 762 740 763 741 764 742 765 743 766
 744 745 768 746 769 747 770 748 771 749
 772 750 773 751 774 752 775 753 776 754
 777 755 778 756 779 757 780 758 781 759
 782 760 783 761 784 762 785 763 786 764
 787 765 788 766 789 767 790 768 769 792
 770 793 771 794 772 795 773 796 774 797
 775 798 776 799 777 800 778 801 779 802
 780 803 781 804 782 805 783 806 784 807
 785 808 786 809 787 810 788 811 789 812
 790 813 791 814 792 793 816 794 817 795
 818 796 819 797 820 798 821 799 822 800
 823 801 824 802 825 803 826 804 827 805
 828 806 829 807 830 808 831 809 832 810
 833 811 834 812 835 813 836 814 837 815
 838 816 817 840 818 841 819 842 820 843
 821 844 822 845 823 846 824 847 825 848
 826 849 827 850 828 851 829 852 830 853
 831 854 832 855 833 856 834 857 835 858
 836 859 837 860 838 861 839 862 840 841
 864 842 865 843 866 844 867 845 868 846
 869 847 870 848 871 849 872 850 873 851
 874 852 875 853 876 854 877 855 878 856
 879 857 880 858 881 859 882 860 883 861
 884 862 885 863 886 864 865 888 866 889
 867 890 868 891 869 892 870 893 871 894
 872 895 873 896 874 897 875 898 876 899
 877 900 878 901 879 902 880 903 881 904
 882 905 883 906 884 907 885 908 886 909
 887 910 888 889 912 890 913 891 914 892
 915 893 916 894 917 895 918 896 919 897
 920 898 921 899 922 900 923 901 924 902
 925 903 926 904 927 905 928 906 929 907
 930 908 931 909 932 910 933 911 934 912
 913 936 914 937 915 938 916 939 917 940
 918 941 919 942 920 943 921 944 922 945
 923 946 924 947 925 948 926 949 927 950
 928 951 929 952 930 953 931 954 932 955
 933 956 934 957 935 958 936 937 960 938
 961 939 962 940 963 941 964 942 965 943
 966 944 967 945 968 946 969 947 970 948
 971 949 972 950 973 951 974 952 975 953
 976 954 977 955 978 956 979 957 980 958
 981 959 982 960 961 984 962 985 963 986
 964 987 965 988 966 989 967 990 968 991
 969 992 970 993 971 994 972 995 973 996
 974 997 975 998 976 999 977 1000 978 1001
 979 1002 980 1003 981 1004 982 1005 983 1006
 984 985 1008 986 1009 987 1010 988 1011 989
 1012 990 1013 991 1014 992 1015 993 1016 994
 1017 995 1018 996 1019 997 1020 998 1021 999
 1022 1000 1023 1001 1024 1002 1025 1003 1026 1004
 1027 1005 1028 1006 1029 1007 1030 1008 1009 1032
 1010 1033 1011 1034 1012 1035 1013 1036 1014 1037
 1015 1038 1016 1039 1017 1040 1018 1041 1019 1042
 1020 1043 1021 1044 1022 1045 1023 1046 1024 1047
 1025 1048 1026 1049 1027 1050 1028 1051 1029 1052
 1030 1053 1031 1054 1032 1033 1056 1034 1057 1035
 1058 1036 1059 1037 1060 1038 1061 1039 1062 1040
 1063 1041 1064 1042 1065 1043 1066 1044 1067 1045
 1068 1046 1069 1047 1070 1048 1071 1049 1072 1050
 1073 1051 1074 1052 1075 1053 1076 1054 1077 1055
 1078 1056 1057 1080 1058 1081 1059 1082 1060 1083
 1061 1084 1062 1085 1063 1086 1064 1087 1065 1088
 1066 1089 1067 1090 1068 1091 1069 1092 1070 1093
 1071 1094 1072 1095 1073 1096 1074 1097 1075 1098
 1076 1099 1077 1100 1078 1101 1079 1102 1080 1081
 1104 1082 1105 1083 1106 1084 1107 1085 1108 1086
 1109 1087 1110 1088 1111 1089 1112 1090 1113 1091
 1114 1092 1115 1093 1116 1094 1117 1095 1118 1096
 1119 1097 1120 1098 1121 1099 1122 1100 1123 1101
 1124 1102 1125 1103 1126 1104 1105 1128 1106 1129
 1107 1130 1108 1131 1109 1132 1110 1133 1111 1134
 1112 1135 1113 1136 1114 1137 1115 1138 1116 1139
 1117 1140 1118 1141 1119 1142 1120 1143 1121 1144
 1122 1145 1123 1146 1124 1147 1125 1148 1126 1149
 1127 1150 1128 1129 1152 1130 1153 1131 1154 1132
 1155 1133 1156 1134 1157 1135 1158 1136 1159 1137
 1160 1138 1161 1139 1162 1140 1163 1141 1164 1142
 1165 1143 1166 1144 1167 1145 1168 1146 1169 1147
 1170 1148 1171 1149 1172 1150 1173 1151 1174 1152
 1153 1176 1154 1177 1155 1178 1156 1179 1157 1180
 1158 1181 1159 1182 1160 1183 1161 1184 1162 1185
 1163 1186 1164 1187 1165 1188 1166 1189 1167 1190
 1168 1191 1169 1192 1170 1193 1171 1194 1172 1195
 1173 1196 1174 1197 1175 1198 1176 1177 1200 1178
 1201 1179 1202 1180 1203 1181 1204 1182 1205 1183
 1206 1184 1207 1185 1208 1186 1209 1187 1210 1188
 1211 1189 1212 1190 1213 1191 1214 1192 1215 1193
 1216 1194 1217 1195 1218 1196 1219 1197 1220 1198
 1221 1199 1222 1200 1201 1224 1202 1225 1203 1226
 1204 1227 1205 1228 1206 1229 1207 1230 1208 1231
 1209 1232 1210 1233 1211 1234 1212 1235 1213 1236
 1214 1237 1215 1238 1216 1239 1217 1240 1218 1241
 1219 1242 1220 1243 1221 1244 1222 1245 1223 1246
 1224 1225 1248 1226 1249 1227 1250 1228 1251 1229
 1252 1230 1253 1231 1254 1232 1255 1233 1256 1234
 1257 1235 1258 1236 1259 1237 1260 1238 1261 1239
 1262 1240 1263 1241 1264 1242 1265 1243 1266 1244
 1267 1245 1268 1246 1269 1247 1270 1248 1249 1272
 1250 1273 1251 1274 1252 1275 1253 1276 1254 1277
 1255 1278 1256 1279 1257 1280 1258 1281 1259 1282
 1260 1283 1261 1284 1262 1285 1263 1286 1264 1287
 1265 1288 1266 1289 1267 1290 1268 1291 1269 1292
 1270 1293 1271 1294 1272 1273 1296 1274 1297 1275
 1298 1276 1299 1277 1300 1278 1301 1279 1302 1280
 1303 1281 1304 1282 1305 1283 1306 1284 1307 1285
 1308 1286 1309 1287 1310 1288 1311 1289 1312 1290
 1313 1291 1314 1292 1315 1293 1316 1294 1317 1295
 1318 1296 1297 1320 1298 1321 1299 1322 1300 1323
 1301 1324 1302 1325 1303 1326 1304 1327 1305 1328
 1306 1329 1307 1330 1308 1331 1309 1332 1310 1333
 1311 1334 1312 1335 1313 1336 1314 1337 1315 1338
 1316 1339 1317 1340 1318 1341 1319 1342 1320 1321
 1344 1322 1345 1323 1346 1324 1347 1325 1348 1326
 1349 1327 1350 1328 1351 1329 1352 1330 1353 1331
 1354 1332 1355 1333 1356 1334 1357 1335 1358 1336
 1359 1337 1360 1338 1361 1339 1362 1340 1363 1341
 1364 1342 1365 1343 1366 1344 1345 1368 1346 1369
 1347 1370 1348 1371 1349 1372 1350 1373 1351 1374
 1352 1375 1353 1376 1354 1377 1355 1378 1356 1379
 1357 1380 1358 1381 1359 1382 1360 1383 1361 1384
 1362 1385 1363 1386 1364 1387 1365 1388 1366 1389
 1367 1390 1368 1369 1392 1370 1393 1371 1394 1372
 1395 1373 1396 1374 1397 1375 1398 1376 1399 1377
 1400 1378 1401 1379 1402 1380 1403 1381 1404 1382
 1405 1383 1406 1384 1407 1385 1408 1386 1409 1387
 1410 1388 1411 1389 1412 1390 1413 1391 1414 1392
 1393 1416 1394 1417 1395 1418 1396 1419 1397 1420
 1398 1421 1399 1422 1400 1423 1401 1424 1402 1425
 1403 1426 1404 1427 1405 1428 1406 1429 1407 1430
 1408 1431 1409 1432 1410 1433 1411 1434 1412 1435
 1413 1436 1414 1437 1415 1438 1416 1417 1440 1418
 1441 1419 1442 1420 1443 1421 1444 1422 1445 1423
 1446 1424 1447 1425 1448 1426 1449 1427 1450 1428
 1451 1429 1452 1430 1453 1431 1454 1432 1455 1433
 1456 1434 1457 1435 1458 1436 1459 1437 1460 1438
 1461 1439 1462 1440 1441 1464 1442 1465 1443 1466
 1444 1467 1445 1468 1446 1469 1447 1470 1448 1471
 1449 1472 1450 1473 1451 1474 1452 1475 1453 1476
 1454 1477 1455 1478 1456 1479 1457 1480 1458 1481
 1459 1482 1460 1483 1461 1484 1462 1485 1463 1486
 1464 1465 1488 1466 1489 1467 1490 1468 1491 1469
 1492 1470 1493 1471 1494 1472 1495 1473 1496 1474
 1497 1475 1498 1476 1499 1477 1500 1478 1501 1479
 1502 1480 1503 1481 1504 1482 1505 1483 1506 1484
 1507 1485 1508 1486 1509 1487 1510 1488 1489 1512
 1490 1513 1491 1514 1492 1515 1493 1516 1494 1517
 1495 1518 1496 1519 1497 1520 1498 1521 1499 1522
 1500 1523 1501 1524 1502 1525 1503 1526 1504 1527
 1505 1528 1506 1529 1507 1530 1508 1531 1509 1532
 1510 1533 1511 1534 1512 1513 1536 1514 1537 1515
 1538 1516 1539 1517 1540 1518 1541 1519 1542 1520
 1543 1521 1544 1522 1545 1523 1546 1524 1547 1525
 1548 1526 1549 1527 1550 1528 1551 1529 1552 1530
 1553 1531 1554 1532 1555 1533 1556 1534 1557 1535
 1558 1536 1537 1560 1538 1561 1539 1562 1540 1563
 1541 1564 1542 1565 1543 1566 1544 1567 1545 1568
 1546 1569 1547 1570 1548 1571 1549 1572 1550 1573
 1551 1574 1552 1575 1553 1576 1554 1577 1555 1578
 1556 1579 1557 1580 1558 1581 1559 1582 1560 1561
 1584 1562 1585 1563 1586 1564 1587 1565 1588 1566
 1589 1567 1590 1568 1591 1569 1592 1570 1593 1571
 1594 1572 1595 1573 1596 1574 1597 1575 1598 1576
 1599 1577 1600 1578 1601 1579 1602 1580 1603 1581
 1604 1582 1605 1583 1606 1584 1585 1608 1586 1609
 1587 1610 1588 1611 1589 1612 1590 1613 1591 1614
 1592 1615 1593 1616 1594 1617 1595 1618 1596 1619
 1597 1620 1598 1621 1599 1622 1600 1623 1601 1624
 1602 1625 1603 1626 1604 1627 1605 1628 1606 1629
 1607 1630 1608 1609 1632 1610 1633 1611 1634 1612
 1635 1613 1636 1614 1637 1615 1638 1616 1639 1617
 1640 1618 1641 1619 1642 1620 1643 1621 1644 1622
 1645 1623 1646 1624 1647 1625 1648 1626 1649 1627
 1650 1628 1651 1629 1652 1630 1653 1631 1654 1632
 1633 1656 1634 1657 1635 1658 1636 1659 1637 1660
 1638 1661 1639 1662 1640 1663 1641 1664 1642 1665
 1643 1666 1644 1667 1645 1668 1646 1669 1647 1670
 1648 1671 1649 1672 1650 1673 1651 1674 1652 1675
 1653 1676 1654 1677 1655 1678 1656 1657 1680 1658
 1681 1659 1682 1660 1683 1661 1684 1662 1685 1663
 1686 1664 1687 1665 1688 1666 1689 1667 1690 1668
 1691 1669 1692 1670 1693 1671 1694 1672 1695 1673
 1696 1674 1697 1675 1698 1676 1699 1677 1700 1678
 1701 1679 1702 1680 1681 1704 1682 1705 1683 1706
 1684 1707 1685 1708 1686 1709 1687 1710 1688 1711
 1689 1712 1690 1713 1691 1714 1692 1715 1693 1716
 1694 1717 1695 1718 1696 1719 1697 1720 1698 1721
 1699 1722 1700 1723 1701 1724 1702 1725 1703 1726
 1704 1705 1728 1706 1729 1707 1730 1708 1731 1709
 1732 1710 1733 1711 1734 1712 1735 1713 1736 1714
 1737 1715 1738 1716 1739 1717 1740 1718 1741 1719
 1742 1720 1743 1721 1744 1722 1745 1723 1746 1724
 1747 1725 1748 1726 1749 1727 1750 1728 1729 1752
 1730 1753 1731 1754 1732 1755 1733 1756 1734 1757
 1735 1758 1736 1759 1737 1760 1738 1761 1739 1762
 1740 1763 1741 1764 1742 1765 1743 1766 1744 1767
 1745 1768 1746 1769 1747 1770 1748 1771 1749 1772
 1750 1773 1751 1774 1752 1753 1776 1754 1777 1755
 1778 1756 1779 1757 1780 1758 1781 1759 1782 1760
 1783 1761 1784 1762 1785 1763 1786 1764 1787 1765
 1788 1766 1789 1767 1790 1768 1791 1769 1792 1770
 1793 1771 1794 1772 1795 1773 1796 1774 1797 1775
 1798 1776 1777 1800 1778 1801 1779 1802 1780 1803
 1781 1804 1782 1805 1783 1806 1784 1807 1785 1808
 1786 1809 1787 1810 1788 1811 1789 1812 1790 1813
 1791 1814 1792 1815 1793 1816 1794 1817 1795 1818
 1796 1819 1797 1820 1798 1821 1799 1822 1800 1801
 1824 1802 1825 1803 1826 1804 1827 1805 1828 1806
 1829 1807 1830 1808 1831 1809 1832 1810 1833 1811
 1834 1812 1835 1813 1836 1814 1837 1815 1838 1816
 1839 1817 1840 1818 1841 1819 1842 1820 1843 1821
 1844 1822 1845 1823 1846 1824 1825 1848 1826 1849
 1827 1850 1828 1851 1829 1852 1830 1853 1831 1854
 1832 1855 1833 1856 1834 1857 1835 1858 1836 1859
 1837 1860 1838 1861 1839 1862 1840 1863 1841 1864
 1842 1865 1843 1866 1844 1867 1845 1868 1846 1869
 1847 1870 1848 1849 1872 1850 1873 1851 1874 1852
 1875 1853 1876 1854 1877 1855 1878 1856 1879 1857
 1880 1858 1881 1859 1882 1860 1883 1861 1884 1862
 1885 1863 1886 1864 1887 1865 1888 1866 1889 1867
 1890 1868 1891 1869 1892 1870 1893 1871 1894 1872
 1873 1896 1874 1897 1875 1898 1876 1899 1877 1900
 1878 1901 1879 1902 1880 1903 1881 1904 1882 1905
 1883 1906 1884 1907 1885 1908 1886 1909 1887 1910
 1888 1911 1889 1912 1890 1913 1891 1914 1892 1915
 1893 1916 1894 1917 1895 1918 1896 1897 1920 1898
 1921 1899 1922 1900 1923 1901 1924 1902 1925 1903
 1926 1904 1927 1905 1928 1906 1929 1907 1930 1908
 1931 1909 1932 1910 1933 1911 1934 1912 1935 1913
 1936 1914 1937 1915 1938 1916 1939 1917 1940 1918
 1941 1919 1942 1920 1921 1944 1922 1945 1923 1946
 1924 1947 1925 1948 1926 1949 1927 1950 1928 1951
 1929 1952 1930 1953 1931 1954 1932 1955 1933 1956
 1934 1957 1935 1958 1936 1959 1937 1960 1938 1961
 1939 1962 1940 1963 1941 1964 1942 1965 1943 1966
 1944 1945 1968 1946 1969 1947 1970 1948 1971 1949
 1972 1950 1973 1951 1974 1952 1975 1953 1976 1954
 1977 1955 1978 1956 1979 1957 1980 1958 1981 1959
 1982 1960 1983 1961 1984 1962 1985 1963 1986 1964
 1987 1965 1988 1966 1989 1967 1990 1968 1969 1992
 1970 1993 1971 1994 1972 1995 1973 1996 1974 1997
 1975 1998 1976 1999 1977 2000 1978 2001 1979 2002
 1980 2003 1981 2004 1982 2005 1983 2006 1984 2007
 1985 2008 1986 2009 1987 2010 1988 2011 1989 2012
 1990 2013 1991 2014 1992 1993 2016 1994 2017 1995
 2018 1996 2019 1997 2020 1998 2021 1999 2022 2000
 2023 2001 2024 2002 2025 2003 2026 2004 2027 2005
 2028 2006 2029 2007 2030 2008 2031 2009 2032 2010
 2033 2011 2034 2012 2035 2013 2036 2014 2037 2015
 2038 2016 2017 2040 2018 2041 2019 2042 2020 2043
 2021 2044 2022 2045 2023 2046 2024 2047 2025 2048
 2026 2049 2027 2050 2028 2051 2029 2052 2030 2053
 2031 2054 2032 2055 2033 2056 2034 2057 2035 2058
 2036 2059 2037 2060 2038 2061 2039 2062 2040 2041
 2064 2042 2065 2043 2066 2044 2067 2045 2068 2046
 2069 2047 2070 2048 2071 2049 2072 2050 2073 2051
 2074 2052 2075 2053 2076 2054 2077 2055 2078 2056
 2079 2057 2080 2058 2081 2059 2082 2060 2083 2061
 2084 2062 2085 2063 2086 2064 2065 2088 2066 2089
 2067 2090 2068 2091 2069 2092 2070 2093 2071 2094
 2072 2095 2073 2096 2074 2097 2075 2098 2076 2099
 2077 2100 2078 2101 2079 2102 2080 2103 2081 2104
 2082 2105 2083 2106 2084 2107 2085 2108 2086 2109
 2087 2110 2088 2089 2112 2090 2113 2091 2114 2092
 2115 2093 2116 2094 2117 2095 2118 2096 2119 2097
 2120 2098 2121 2099 2122 2100 2123 2101 2124 2102
 2125 2103 2126 2104 2127 2105 2128 2106 2129 2107
 2130 2108 2131 2109 2132 2110 2133 2111 2134 2112
 2113 2136 2114 2137 2115 2138 2116 2139 2117 2140
 2118 2141 2119 2142 2120 2143 2121 2144 2122 2145
 2123 2146 2124 2147 2125 2148 2126 2149 2127 2150
 2128 2151 2129 2152 2130 2153 2131 2154 2132 2155
 2133 2156 2134 2157 2135 2158 2136 2137 2160 2138
 2161 2139 2162 2140 2163 2141 2164 2142 2165 2143
 2166 2144 2167 2145 2168 2146 2169 2147 2170 2148
 2171 2149 2172 2150 2173 2151 2174 2152 2175 2153
 2176 2154 2177 2155 2178 2156 2179 2157 2180 2158
 2181 2159 2182 2160 2161 2184 2162 2185 2163 2186
 2164 2187 2165 2188 2166 2189 2167 2190 2168 2191
 2169 2192 2170 2193 2171 2194 2172 2195 2173 2196
 2174 2197 2175 2198 2176 2199 2177 2200 2178 2201
 2179 2202 2180 2203 2181 2204 2182 2205 2183 2206
 2184 2185 2208 2186 2209 2187 2210 2188 2211 2189
 2212 2190 2213 2191 2214 2192 2215 2193 2216 2194
 2217 2195 2218 2196 2219 2197 2220 2198 2221 2199
 2222 2200 2223 2201 2224 2202 2225 2203 2226 2204
 2227 2205 2228 2206 2229 2207 2230 2208 2209 2232
 2210 2233 2211 2234 2212 2235 2213 2236 2214 2237
 2215 2238 2216 2239 2217 2240 2218 2241 2219 2242
 2220 2243 2221 2244 2222 2245 2223 2246 2224 2247
 2225 2248 2226 2249 2227 2250 2228 2251 2229 2252
 2230 2253 2231 2254 2232 2233 2256 2234 2257 2235
 2258 2236 2259 2237 2260 2238 2261 2239 2262 2240
 2263 2241 2264 2242 2265 2243 2266 2244 2267 2245
 2268 2246 2269 2247 2270 2248 2271 2249 2272 2250
 2273 2251 2274 2252 2275 2253 2276 2254 2277 2255
 2278 2256 2257 2280 2258 2281 2259 2282 2260 2283
 2261 2284 2262 2285 2263 2286 2264 2287 2265 2288
 2266 2289 2267 2290 2268 2291 2269 2292 2270 2293
 2271 2294 2272 2295 2273 2296 2274 2297 2275 2298
 2276 2299 2277 2300 2278 2301 2279 2302 2280 2281
 2304 2282 2305 2283 2306 2284 2307 2285 2308 2286
 2309 2287 2310 2288 2311 2289 2312 2290 2313 2291
 2314 2292 2315 2293 2316 2294 2317 2295 2318 2296
 2319 2297 2320 2298 2321 2299 2322 2300 2323 2301
 2324 2302 2325 2303 2326 2304 2305 2328 2306 2329
 2307 2330 2308 2331 2309 2332 2310 2333 2311 2334
 2312 2335 2313 2336 2314 2337 2315 2338 2316 2339
 2317 2340 2318 2341 2319 2342 2320 2343 2321 2344
 2322 2345 2323 2346 2324 2347 2325 2348 2326 2349
 2327 2350 2328 2329 2352 2330 2353 2331 2354 2332
 2355 2333 2356 2334 2357 2335 2358 2336 2359 2337
 2360 2338 2361 2339 2362 2340 2363 2341 2364 2342
 2365 2343 2366 2344 2367 2345 2368 2346 2369 2347
 2370 2348 2371 2349 2372 2350 2373 2351 2374 2352
 2353 2376 2354 2377 2355 2378 2356 2379 2357 2380
 2358 2381 2359 2382 2360 2383 2361 2384 2362 2385
 2363 2386 2364 2387 2365 2388 2366 2389 2367 2390
 2368 2391 2369 2392 2370 2393 2371 2394 2372 2395
 2373 2396 2374 2397 2375 2398 2376 2377 2400 2378
 2401 2379 2402 2380 2403 2381 2404 2382 2405 2383
 2406 2384 2407 2385 2408 2386 2409 2387 2410 2388
 2411 2389 2412 2390 2413 2391 2414 2392 2415 2393
 2416 2394 2417 2395 2418 2396 2419 2397 2420 2398
 2421 2399 2422 2400 2401 2424 2402 2425 2403 2426
 2404 2427 2405 2428 2406 2429 2407 2430 2408 2431
 2409 2432 2410 2433 2411 2434 2412 2435 2413 2436
 2414 2437 2415 2438 2416 2439 2417 2440 2418 2441
 2419 2442 2420 2443 2421 2444 2422 2445 2423 2446
 2424 2425 2448 2426 2449 2427 2450 2428 2451 2429
 2452 2430 2453 2431 2454 2432 2455 2433 2456 2434
 2457 2435 2458 2436 2459 2437 2460 2438 2461 2439
 2462 2440 2463 2441 2464 2442 2465 2443 2466 2444
 2467 2445 2468 2446 2469 2447 2470 2448 2449 2472
 2450 2473 2451 2474 2452 2475 2453 2476 2454 2477
 2455 2478 2456 2479 2457 2480 2458 2481 2459 2482
 2460 2483 2461 2484 2462 2485 2463 2486 2464 2487
 2465 2488 2466 2489 2467 2490 2468 2491 2469 2492
 2470 2493 2471 2494 2472 2473 2496 2474 2497 2475
 2498 2476 2499 2477 2500 2478 2501 2479 2502 2480
 2503 2481 2504 2482 2505 2483 2506 2484 2507 2485
 2508 2486 2509 2487 2510 2488 2511 2489 2512 2490
 2513 2491 2514 2492 2515 2493 2516 2494 2517 2495
 2518 2496 2497 2520 2498 2521 2499 2522 2500 2523
 2501 2524 2502 2525 2503 2526 2504 2527 2505 2528
 2506 2529 2507 2530 2508 2531 2509 2532 2510 2533
 2511 2534 2512 2535 2513 2536 2514 2537 2515 2538
 2516 2539 2517 2540 2518 2541 2519 2542 2520 2521
 2544 2522 2545 2523 2546 2524 2547 2525 2548 2526
 2549 2527 2550 2528 2551 2529 2552 2530 2553 2531
 2554 2532 2555 2533 2556 2534 2557 2535 2558 2536
 2559 2537 2560 2538 2561 2539 2562 2540 2563 2541
 2564 2542 2565 2543 2566 2544 2545 2568 2546 2569
 2547 2570 2548 2571 2549 2572 2550 2573 2551 2574
 2552 2575 2553 2576 2554 2577 2555 2578 2556 2579
 2557 2580 2558 2581 2559 2582 2560 2583 2561 2584
 2562 2585 2563 2586 2564 2587 2565 2588 2566 2589
 2567 2590 2568 2569 2592 2570 2593 2571 2594 2572
 2595 2573 2596 2574 2597 2575 2598 2576 2599 2577
 2600 2578 2601 2579 2602 2580 2603 2581 2604 2582
 2605 2583 2606 2584 2607 2585 2608 2586 2609 2587
 2610 2588 2611 2589 2612 2590 2613 2591 2614 2592
 2593 2616 2594 2617 2595 2618 2596 2619 2597 2620
 2598 2621 2599 2622 2600 2623 2601 2624 2602 2625
 2603 2626 2604 2627 2605 2628 2606 2629 2607 2630
 2608 2631 2609 2632 2610 2633 2611 2634 2612 2635
 2613 2636 2614 2637 2615 2638 2616 2617 2640 2618
 2641 2619 2642 2620 2643 2621 2644 2622 2645 2623
 2646 2624 2647 2625 2648 2626 2649 2627 2650 2628
 2651 2629 2652 2630 2653 2631 2654 2632 2655 2633
 2656 2634 2657 2635 2658 2636 2659 2637 2660 2638
 2661 2639 2662 2640 2641 2664 2642 2665 2643 2666
 2644 2667 2645 2668 2646 2669 2647 2670 2648 2671
 2649 2672 2650 2673 2651 2674 2652 2675 2653 2676
 2654 2677 2655 2678 2656 2679 2657 2680 2658 2681
 2659 2682 2660 2683 2661 2684 2662 2685 2663 2686
 2664 2665 2688 2666 2689 2667 2690 2668 2691 2669
 2692 2670 2693 2671 2694 2672 2695 2673 2696 2674
 2697 2675 2698 2676 2699 2677 2700 2678 2701 2679
 2702 2680 2703 2681 2704 2682 2705 2683 2706 2684
 2707 2685 2708 2686 2709 2687 2710 2688 2689 2712
 2690 2713 2691 2714 2692 2715 2693 2716 2694 2717
 2695 2718 2696 2719 2697 2720 2698 2721 2699 2722
 2700 2723 2701 2724 2702 2725 2703 2726 2704 2727
 2705 2728 2706 2729 2707 2730 2708 2731 2709 2732
 2710 2733 2711 2734 2712 2713 2736 2714 2737 2715
 2738 2716 2739 2717 2740 2718 2741 2719 2742 2720
 2743 2721 2744 2722 2745 2723 2746 2724 2747 2725
 2748 2726 2749 2727 2750 2728 2751 2729 2752 2730
 2753 2731 2754 2732 2755 2733 2756 2734 2757 2735
 2758 2736 2737 2760 2738 2761 2739 2762 2740 2763
 2741 2764 2742 2765 2743 2766 2744 2767 2745 2768
 2746 2769 2747 2770 2748 2771 2749 2772 2750 2773
 2751 2774 2752 2775 2753 2776 2754 2777 2755 2778
 2756 2779 2757 2780 2758 2781 2759 2782 2760 2761
 2784 2762 2785 2763 2786 2764 2787 2765 2788 2766
 2789 2767 2790 2768 2791 2769 2792 2770 2793 2771
 2794 2772 2795 2773 2796 2774 2797 2775 2798 2776
 2799 2777 2800 2778 2801 2779 2802 2780 2803 2781
 2804 2782 2805 2783 2806 2784 2785 2808 2786 2809
 2787 2810 2788 2811 2789 2812 2790 2813 2791 2814
 2792 2815 2793 2816 2794 2817 2795 2818 2796 2819
 2797 2820 2798 2821 2799 2822 2800 2823 2801 2824
 2802 2825 2803 2826 2804 2827 2805 2828 2806 2829
 2807 2830 2808 2809 2832 2810 2833 2811 2834 2812
 2835 2813 2836 2814 2837 2815 2838 2816 2839 2817
 2840 2818 2841 2819 2842 2820 2843 2821 2844 2822
 2845 2823 2846 2824 2847 2825 2848 2826 2849 2827
 2850 2828 2851 2829 2852 2830 2853 2831 2854 2832
 2833 2856 2834 2857 2835 2858 2836 2859 2837 2860
 2838 2861 2839 2862 2840 2863 2841 2864 2842 2865
 2843 2866 2844 2867 2845 2868 2846 2869 2847 2870
 2848 2871 2849 2872 2850 2873 2851 2874 2852 2875
 2853 2876 2854 2877 2855 2878 2856 2857 2880 2858
 2881 2859 2882 2860 2883 2861 2884 2862 2885 2863
 2886 2864 2887 2865 2888 2866 2889 2867 2890 2868
 2891 2869 2892 2870 2893 2871 2894 2872 2895 2873
 2896 2874 2897 2875 2898 2876 2899 2877 2900 2878
 2901 2879 2902 2880 2881 2904 2882 2905 2883 2906
 2884 2907 2885 2908 2886 2909 2887 2910 2888 2911
 2889 2912 2890 2913 2891 2914 2892 2915 2893 2916
 2894 2917 2895 2918 2896 2919 2897 2920 2898 2921
 2899 2922 2900 2923 2901 2924 2902 2925 2903 2926
 2904 2905 2928 2906 2929 2907 2930 2908 2931 2909
 2932 2910 2933 2911 2934 2912 2935 2913 2936 2914
 2937 2915 2938 2916 2939 2917 2940 2918 2941 2919
 2942 2920 2943 2921 2944 2922 2945 2923 2946 2924
 2947 2925 2948 2926 2949 2927 2950 2928 2929 2952
 2930 2953 2931 2954 2932 2955 2933 2956 2934 2957
 2935 2958 2936 2959 2937 2960 2938 2961 2939 2962
 2940 2963 2941 2964 2942 2965 2943 2966 2944 2967
 2945 2968 2946 2969 2947 2970 2948 2971 2949 2972
 2950 2973 2951 2974 2952 2953 2976 2954 2977 2955
 2978 2956 2979 2957 2980 2958 2981 2959 2982 2960
 2983 2961 2984 2962 2985 2963 2986 2964 2987 2965
 2988 2966 2989 2967 2990 2968 2991 2969 2992 2970
 2993 2971 2994 2972 2995 2973 2996 2974 2997 2975
 2998 2976 2977 3000 2978 3001 2979 3002 2980 3003
 2981 3004 2982 3005 2983 3006 2984 3007 2985 3008
 2986 3009 2987 3010 2988 3011 2989 3012 2990 3013
 2991 3014 2992 3015 2993 3016 2994 3017 2995 3018
 2996 3019 2997 3020 2998 3021 2999 3022 3000 3001
 3024 3002 3025 3003 3026 3004 3027 3005 3028 3006
 3029 3007 3030 3008 3031 3009 3032 3010 3033 3011
 3034 3012 3035 3013 3036 3014 3037 3015 3038 3016
 3039 3017 3040 3018 3041 3019 3042 3020 3043 3021
 3044 3022 3045 3023 3046 3024 3025 3048 3026 3049
 3027 3050 3028 3051 3029 3052 3030 3053 3031 3054
 3032 3055 3033 3056 3034 3057 3035 3058 3036 3059
 3037 3060 3038 3061 3039 3062 3040 3063 3041 3064
 3042 3065 3043 3066 3044 3067 3045 3068 3046 3069
 3047 3070 3048 3049 3072 3050 3073 3051 3074 3052
 3075 3053 3076 3054 3077 3055 3078 3056 3079 3057
 3080 3058 3081 3059 3082 3060 3083 3061 3084 3062
 3085 3063 3086 3064 3087 3065 3088 3066 3089 3067
 3090 3068 3091 3069 3092 3070 3093 3071 3094 3072
 3073 3096 3074 3097 3075 3098 3076 3099 3077 3100
 3078 3101 3079 3102 3080 3103 3081 3104 3082 3105
 3083 3106 3084 3107 3085 3108 3086 3109 3087 3110
 3088 3111 3089 3112 3090 3113 3091 3114 3092 3115
 3093 3116 3094 3117 3095 3118 3096 3097 3120 3098
 3121 3099 3122 3100 3123 3101 3124 3102 3125 3103
 3126 3104 3127 3105 3128 3106 3129 3107 3130 3108
 3131 3109 3132 3110 3133 3111 3134 3112 3135 3113
 3136 3114 3137 3115 3138 3116 3139 3117 3140 3118
 3141 3119 3142 3120 3121 3144 3122 3145 3123 3146
 3124 3147 3125 3148 3126 3149 3127 3150 3128 3151
 3129 3152 3130 3153 3131 3154 3132 3155 3133 3156
 3134 3157 3135 3158 3136 3159 3137 3160 3138 3161
 3139 3162 3140 3163 3141 3164 3142 3165 3143 3166
 3144 3145 3168 3146 3169 3147 3170 3148 3171 3149
 3172 3150 3173 3151 3174 3152 3175 3153 3176 3154
 3177 3155 3178 3156 3179 3157 3180 3158 3181 3159
 3182 3160 3183 3161 3184 3162 3185 3163 3186 3164
 3187 3165 3188 3166 3189 3167 3190 3168 3169 3192
 3170 3193 3171 3194 3172 3195 3173 3196 3174 3197
 3175 3198 3176 3199 3177 3200 3178 3201 3179 3202
 3180 3203 3181 3204 3182 3205 3183 3206 3184 3207
 3185 3208 3186 3209 3187 3210 3188 3211 3189 3212
 3190 3213 3191 3214 3192 3193 3216 3194 3217 3195
 3218 3196 3219 3197 3220 3198 3221 3199 3222 3200
 3223 3201 3224 3202 3225 3203 3226 3204 3227 3205
 3228 3206 3229 3207 3230 3208 3231 3209 3232 3210
 3233 3211 3234 3212 3235 3213 3236 3214 3237 3215
 3238 3216 3217 3240 3218 3241 3219 3242 3220 3243
 3221 3244 3222 3245 3223 3246 3224 3247 3225 3248
 3226 3249 3227 3250 3228 3251 3229 3252 3230 3253
 3231 3254 3232 3255 3233 3256 3234 3257 3235 3258
 3236 3259 3237 3260 3238 3261 3239 3262 3240 3241
 3264 3242 3265 3243 3266 3244 3267 3245 3268 3246
 3269 3247 3270 3248 3271 3249 3272 3250 3273 3251
 3274 3252 3275 3253 3276 3254 3277 3255 3278 3256
 3279 3257 3280 3258 3281 3259 3282 3260 3283 3261
 3284 3262 3285 3263 3286 3264 3265 3288 3266 3289
 3267 3290 3268 3291 3269 3292 3270 3293 3271 3294
 3272 3295 3273 3296 3274 3297 3275 3298 3276 3299
 3277 3300 3278 3301 3279 3302 3280 3303 3281 3304
 3282 3305 3283 3306 3284 3307 3285 3308 3286 3309
 3287 3310 3288 3289 3312 3290 3313 3291 3314 3292
 3315 3293 3316 3294 3317 3295 3318 3296 3319 3297
 3320 3298 3321 3299 3322 3300 3323 3301 3324 3302
 3325 3303 3326 3304 3327 3305 3328 3306 3329 3307
 3330 3308 3331 3309 3332 3310 3333 3311 3334 3312
 3313 3336 3314 3337 3315 3338 3316 3339 3317 3340
 3318 3341 3319 3342 3320 3343 3321 3344 3322 3345
 3323 3346 3324 3347 3325 3348 3326 3349 3327 3350
 3328 3351 3329 3352 3330 3353 3331 3354 3332 3355
 3333 3356 3334 3357 3335 3358 3336 3337 3360 3338
 3361 3339 3362 3340 3363 3341 3364 3342 3365 3343
 3366 3344 3367 3345 3368 3346 3369 3347 3370 3348
 3371 3349 3372 3350 3373 3351 3374 3352 3375 3353
 3376 3354 3377 3355 3378 3356 3379 3357 3380 3358
 3381 3359 3382 3360 3361 3384 3362 3385 3363 3386
 3364 3387 3365 3388 3366 3389 3367 3390 3368 3391
 3369 3392 3370 3393 3371 3394 3372 3395 3373 3396
 3374 3397 3375 3398 3376 3399 3377 3400 3378 3401
 3379 3402 3380 3403 3381 3404 3382 3405 3383 3406
 3384 3385 3408 3386 3409 3387 3410 3388 3411 3389
 3412 3390 3413 3391 3414 3392 3415 3393 3416 3394
 3417 3395 3418 3396 3419 3397 3420 3398 3421 3399
 3422 3400 3423 3401 3424 3402 3425 3403 3426 3404
 3427 3405 3428 3406 3429 3407 3430 3408 3409 3432
 3410 3433 3411 3434 3412 3435 3413 3436 3414 3437
 3415 3438 3416 3439 3417 3440 3418 3441 3419 3442
 3420 3443 3421 3444 3422 3445 3423 3446 3424 3447
 3425 3448 3426 3449 3427 3450 3428 3451 3429 3452
 3430 3453 3431 3454 3432 3433 3456 3434 3457 3435
 3458 3436 3459 3437 3460 3438 3461 3439 3462 3440
 3463 3441 3464 3442 3465 3443 3466 3444 3467 3445
 3468 3446 3469 3447 3470 3448 3471 3449 3472 3450
 3473 3451 3474 3452 3475 3453 3476 3454 3477 3455
 3478 3456 3457 3480 3458 3481 3459 3482 3460 3483
 3461 3484 3462 3485 3463 3486 3464 3487 3465 3488
 3466 3489 3467 3490 3468 3491 3469 3492 3470 3493
 3471 3494 3472 3495 3473 3496 3474 3497 3475 3498
 3476 3499 3477 3500 3478 3501 3479 3502 3480 3481
 3504 3482 3505 3483 3506 3484 3507 3485 3508 3486
 3509 3487 3510 3488 3511 3489 3512 3490 3513 3491
 3514 3492 3515 3493 3516 3494 3517 3495 3518 3496
 3519 3497 3520 3498 3521 3499 3522 3500 3523 3501
 3524 3502 3525 3503 3526 3504 3505 3528 3506 3529
 3507 3530 3508 3531 3509 3532 3510 3533 3511 3534
 3512 3535 3513 3536 3514 3537 3515 3538 3516 3539
 3517 3540 3518 3541 3519 3542 3520 3543 3521 3544
 3522 3545 3523 3546 3524 3547 3525 3548 3526 3549
 3527 3550 3528 3529 3552 3530 3553 3531 3554 3532
 3555 3533 3556 3534 3557 3535 3558 3536 3559 3537
 3560 3538 3561 3539 3562 3540 3563 3541 3564 3542
 3565 3543 3566 3544 3567 3545 3568 3546 3569 3547
 3570 3548 3571 3549 3572 3550 3573 3551 3574 3552
 3553 3576 3554 3577 3555 3578 3556 3579 3557 3580
 3558 3581 3559 3582 3560 3583 3561 3584 3562 3585
 3563 3586 3564 3587 3565 3588 3566 3589 3567 3590
 3568 3591 3569 3592 3570 3593 3571 3594 3572 3595
 3573 3596 3574 3597 3575 3598 3576 3577 3600 3578
 3601 3579 3602 3580 3603 3581 3604 3582 3605 3583
 3606 3584 3607 3585 3608 3586 3609 3587 3610 3588
 3611 3589 3612 3590 3613 3591 3614 3592 3615 3593
 3616 3594 3617 3595 3618 3596 3619 3597 3620 3598
 3621 3599 3622 3600 3601 3624 3602 3625 3603 3626
 3604 3627 3605 3628 3606 3629 3607 3630 3608 3631
 3609 3632 3610 3633 3611 3634 3612 3635 3613 3636
 3614 3637 3615 3638 3616 3639 3617 3640 3618 3641
 3619 3642 3620 3643 3621 3644 3622 3645 3623 3646
 3624 3625 3648 3626 3649 3627 3650 3628 3651 3629
 3652 3630 3653 3631 3654 3632 3655 3633 3656 3634
 3657 3635 3658 3636 3659 3637 3660 3638 3661 3639
 3662 3640 3663 3641 3664 3642 3665 3643 3666 3644
 3667 3645 3668 3646 3669 3647 3670 3648 3649 3672
 3650 3673 3651 3674 3652 3675 3653 3676 3654 3677
 3655 3678 3656 3679 3657 3680 3658 3681 3659 3682
 3660 3683 3661 3684 3662 3685 3663 3686 3664 3687
 3665 3688 3666 3689 3667 3690 3668 3691 3669 3692
 3670 3693 3671 3694 3672 3673 3696 3674 3697 3675
 3698 3676 3699 3677 3700 3678 3701 3679 3702 3680
 3703 3681 3704 3682 3705 3683 3706 3684 3707 3685
 3708 3686 3709 3687 3710 3688 3711 3689 3712 3690
 3713 3691 3714 3692 3715 3693 3716 3694 3717 3695
 3718 3696 3697 3720 3698 3721 3699 3722 3700 3723
 3701 3724 3702 3725 3703 3726 3704 3727 3705 3728
 3706 3729 3707 3730 3708 3731 3709 3732 3710 3733
 3711 3734 3712 3735 3713 3736 3714 3737 3715 3738
 3716 3739 3717 3740 3718 3741 3719 3742 3720 3721
 3744 3722 3745 3723 3746 3724 3747 3725 3748 3726
 3749 3727 3750 3728 3751 3729 3752 3730 3753 3731
 3754 3732 3755 3733 3756 3734 3757 3735 3758 3736
 3759 3737 3760 3738 3761 3739 3762 3740 3763 3741
 3764 3742 3765 3743 3766 3744 3745 3768 3746 3769
 3747 3770 3748 3771 3749 3772 3750 3773 3751 3774
 3752 3775 3753 3776 3754 3777 3755 3778 3756 3779
 3757 3780 3758 3781 3759 3782 3760 3783 3761 3784
 3762 3785 3763 3786 3764 3787 3765 3788 3766 3789
 3767 3790 3768 3769 3792 3770 3793 3771 3794 3772
 3795 3773 3796 3774 3797 3775 3798 3776 3799 3777
 3800 3778 3801 3779 3802 3780 3803 3781 3804 3782
 3805 3783 3806 3784 3807 3785 3808 3786 3809 3787
 3810 3788 3811 3789 3812 3790 3813 3791 3814 3792
 3793 3816 3794 3817 3795 3818 3796 3819 3797 3820
 3798 3821 3799 3822 3800 3823 3801 3824 3802 3825
 3803 3826 3804 3827 3805 3828 3806 3829 3807 3830
 3808 3831 3809 3832 3810 3833 3811 3834 3812 3835
 3813 3836 3814 3837 3815 3838 3816 3817 3840 3818
 3841 3819 3842 3820 3843 3821 3844 3822 3845 3823
 3846 3824 3847 3825 3848 3826 3849 3827 3850 3828
 3851 3829 3852 3830 3853 3831 3854 3832 3855 3833
 3856 3834 3857 3835 3858 3836 3859 3837 3860 3838
 3861 3839 3862 3840 3841 3864 3842 3865 3843 3866
 3844 3867 3845 3868 3846 3869 3847 3870 3848 3871
 3849 3872 3850 3873 3851 3874 3852 3875 3853 3876
 3854 3877 3855 3878 3856 3879 3857 3880 3858 3881
 3859 3882 3860 3883 3861 3884 3862 3885 3863 3886
 3864 3865 3888 3866 3889 3867 3890 3868 3891 3869
 3892 3870 3893 3871 3894 3872 3895 3873 3896 3874
 3897 3875 3898 3876 3899 3877 3900 3878 3901 3879
 3902 3880 3903 3881 3904 3882 3905 3883 3906 3884
 3907 3885 3908 3886 3909 3887 3910 3888 3889 3912
 3890 3913 3891 3914 3892 3915 3893 3916 3894 3917
 3895 3918 3896 3919 3897 3920 3898 3921 3899 3922
 3900 3923 3901 3924 3902 3925 3903 3926 3904 3927
 3905 3928 3906 3929 3907 3930 3908 3931 3909 3932
 3910 3933 3911 3934 3912 3913 3936 3914 3937 3915
 3938 3916 3939 3917 3940 3918 3941 3919 3942 3920
 3943 3921 3944 3922 3945 3923 3946 3924 3947 3925
 3948 3926 3949 3927 3950 3928 3951 3929 3952 3930
 3953 3931 3954 3932 3955 3933 3956 3934 3957 3935
 3958 3936 3937 3960 3938 3961 3939 3962 3940 3963
 3941 3964 3942 3965 3943 3966 3944 3967 3945 3968
 3946 3969 3947 3970 3948 3971 3949 3972 3950 3973
 3951 3974 3952 3975 3953 3976 3954 3977 3955 3978
 3956 3979 3957 3980 3958 3981 3959 3982 3960 3961
 3984 3962 3985 3963 3986 3964 3987 3965 3988 3966
 3989 3967 3990 3968 3991 3969 3992 3970 3993 3971
 3994 3972 3995 3973 3996 3974 3997 3975 3998 3976
 3999 3977 4000 3978 4001 3979 4002 3980 4003 3981
 4004 3982 4005 3983 4006 3984 3985 4008 3986 4009
 3987 4010 3988 4011 3989 4012 3990 4013 3991 4014
 3992 4015 3993 4016 3994 4017 3995 4018 3996 4019
 3997 4020 3998 4021 3999 4022 4000 4023 4001 4024
 4002 4025 4003 4026 4004 4027 4005 4028 4006 4029
 4007 4030 4008 4009 4032 4010 4033 4011 4034 4012
 4035 4013 4036 4014 4037 4015 4038 4016 4039 4017
 4040 4018 4041 4019 4042 4020 4043 4021 4044 4022
 4045 4023 4046 4024 4047 4025 4048 4026 4049 4027
 4050 4028 4051 4029 4052 4030 4053 4031 4054 4032
 4033 4056 4034 4057 4035 4058 4036 4059 4037 4060
 4038 4061 4039 4062 4040 4063 4041 4064 4042 4065
 4043 4066 4044 4067 4045 4068 4046 4069 4047 4070
 4048 4071 4049 4072 4050 4073 4051 4074 4052 4075
 4053 4076 4054 4077 4055 4078 4056 4057 4080 4058
 4081 4059 4082 4060 4083 4061 4084 4062 4085 4063
 4086 4064 4087 4065 4088 4066 4089 4067 4090 4068
 4091 4069 4092 4070 4093 4071 4094 4072 4095 4073
 4096 4074 4097 4075 4098 4076 4099 4077 4100 4078
 4101 4079 4102 4080 4081 4104 4082 4105 4083 4106
 4084 4107 4085 4108 4086 4109 4087 4110 4088 4111
 4089 4112 4090 4113 4091 4114 4092 4115 4093 4116
 4094 4117 4095 4118 4096 4119 4097 4120 4098 4121
 4099 4122 4100 4123 4101 4124 4102 4125 4103 4126
 4104 4105 4128 4106 4129 4107 4130 4108 4131 4109
 4132 4110 4133 4111 4134 4112 4135 4113 4136 4114
 4137 4115 4138 4116 4139 4117 4140 4118 4141 4119
 4142 4120 4143 4121 4144 4122 4145 4123 4146 4124
 4147 4125 4148 4126 4149 4127 4150 4128 4129 4152
 4130 4153 4131 4154 4132 4155 4133 4156 4134 4157
 4135 4158 4136 4159 4137 4160 4138 4161 4139 4162
 4140 4163 4141 4164 4142 4165 4143 4166 4144 4167
 4145 4168 4146 4169 4147 4170 4148 4171 4149 4172
 4150 4173 4151 4174 23 47 71 95 119 143
 167 191 215 239 263 287 311 335 359 383
 407 431 455 479 503 527 551 575 599 623
 647 671 695 719 743 767 791 815 839 863
 887 911 935 959 983 1007 1031 1055 1079 1103
 1127 1151 1175 1199 1223 1247 1271 1295 1319 1343
 1367 1391 1415 1439 1463 1487 1511 1535 1559 1583
 1607 1631 1655 1679 1703 1727 1751 1775 1799 1823
 1847 1871 1895 1919 1943 1967 1991 2015 2039 2063
 2087 2111 2135 2159 2183 2207 2231 2255 2279 2303
 2327 2351 2375 2399 2423 2447 2471 2495 2519 2543
 2567 2591 2615 2639 2663 2687 2711 2735 2759 2783
 2807 2831 2855 2879 2903 2927 2951 2975 2999 3023
 3047 3071 3095 3119 3143 3167 3191 3215 3239 3263
 3287 3311 3335 3359 3383 3407 3431 3455 3479 3503
 3527 3551 3575 3599 3623 3647 3671 3695 3719 3743
 3767 3791 3815 3839 3863 3887 3911 3935 3959 3983
 4007 4031 4055 4079 4103 4127 4151 4175 22 46
 70 94 118 142 166 190 214 238 262 286
 310 334 358 382 406 430 454 478 502 526
 550 574 598 622 646 670 694 718 742 766
 790 814 838 862 886 910 934 958 982 1006
 1030 1054 1078 1102 1126 1150 1174 1198 1222 1246
 1270 1294 1318 1342 1366 1390 1414 1438 1462 1486
 1510 1534 1558 1582 1606 1630 1654 1678 1702 1726
 1750 1774 1798 1822 1846 1870 1894 1918 1942 1966
 1990 2014 2038 2062 2086 2110 2134 2158 2182 2206
 2230 2254 2278 2302 2326 2350 2374 2398 2422 2446
 2470 2494 2518 2542 2566 2590 2614 2638 2662 2686
 2710 2734 2758 2782 2806 2830 2854 2878 2902 2926
 2950 2974 2998 3022 3046 3070 3094 3118 3142 3166
 3190 3214 3238 3262 3286 3310 3334 3358 3382 3406
 3430 3454 3478 3502 3526 3550 3574 3598 3622 3646
 3670 3694 3718 3742 3766 3790 3814 3838 3862 3886
 3910 3934 3958 3982 4006 4030 4054 4078 4102 4126
 4150 4174 21 45 69 93 117 141 165 189
 213 237 261 285 309 333 357 381 405 429
 453 477 501 525 549 573 597 621 645 669
 693 717 741 765 789 813 837 861 885 909
 933 957 981 1005 1029 1053 1077 1101 1125 1149
 1173 1197 1221 1245 1269 1293 1317 1341 1365 1389
 1413 1437 1461 1485 1509 1533 1557 1581 1605 1629
 1653 1677 1701 1725 1749 1773 1797 1821 1845 1869
 1893 1917 1941 1965 1989 2013 2037 2061 2085 2109
 2133 2157 2181 2205 2229 2253 2277 2301 2325 2349
 2373 2397 2421 2445 2469 2493 2517 2541 2565 2589
 2613 2637 2661 2685 2709 2733 2757 2781 2805 2829
 2853 2877 2901 2925 2949 2973 2997 3021 3045 3069
 3093 3117 3141 3165 3189 3213 3237 3261 3285 3309
 3333 3357 3381 3405 3429 3453 3477 3501 3525 3549
 3573 3597 3621 3645 3669 3693 3717 3741 3765 3789
 3813 3837 3861 3885 3909 3933 3957 3981 4005 4029
 4053 4077 4101 4125 4149 4173 20 44 68 92
 116 140 164 188 212 236 260 284 308 332
 356 380 404 428 452 476 500 524 548 572
 596 620 644 668 692 716 740 764 788 812
 836 860 884 908 932 956 980 1004 1028 1052
 1076 1100 1124 1148 1172 1196 1220 1244 1268 1292
 1316 1340 1364 1388 1412 1436 1460 1484 1508 1532
 1556 1580 1604 1628 1652 1676 1700 1724 1748 1772
 1796 1820 1844 1868 1892 1916 1940 1964 1988 2012
 2036 2060 2084 2108 2132 2156 2180 2204 2228 2252
 2276 2300 2324 2348 2372 2396 2420 2444 2468 2492
 2516 2540 2564 2588 2612 2636 2660 2684 2708 2732
 2756 2780 2804 2828 2852 2876 2900 2924 2948 2972
 2996 3020 3044 3068 3092 3116 3140 3164 3188 3212
 3236 3260 3284 3308 3332 3356 3380 3404 3428 3452
 3476 3500 3524 3548 3572 3596 3620 3644 3668 3692
 3716 3740 3764 3788 3812 3836 3860 3884 3908 3932
 3956 3980 4004 4028 4052 4076 4100 4124 4148 4172
 19 43 67 91 115 139 163 187 211 235
 259 283 307 331 355 379 403 427 451 475
 499 523 547 571 595 619 643 667 691 715
 739 763 787 811 835 859 883 907 931 955
 979 1003 1027 1051 1075 1099 1123 1147 1171 1195
 1219 1243 1267 1291 1315 1339 1363 1387 1411 1435
 1459 1483 1507 1531 1555 1579 1603 1627 1651 1675
 1699 1723 1747 1771 1795 1819 1843 1867 1891 1915
 1939 1963 1987 2011 2035 2059 2083 2107 2131 2155
 2179 2203 2227 2251 2275 2299 2323 2347 2371 2395
 2419 2443 2467 2491 2515 2539 2563 2587 2611 2635
 2659 2683 2707 2731 2755 2779 2803 2827 2851 2875
 2899 2923 2947 2971 2995 3019 3043 3067 3091 3115
 3139 3163 3187 3211 3235 3259 3283 3307 3331 3355
 3379 3403 3427 3451 3475 3499 3523 3547 3571 3595
 3619 3643 3667 3691 3715 3739 3763 3787 3811 3835
 3859 3883 3907 3931 3955 3979 4003 4027 4051 4075
 4099 4123 4147 4171 18 42 66 90 114 138
 162 186 210 234 258 282 306 330 354 378
 402 426 450 474 498 522 546 570 594 618
 642 666 690 714 738 762 786 810 834 858
 882 906 930 954 978 1002 1026 1050 1074 1098
 1122 1146 1170 1194 1218 1242 1266 1290 1314 1338
 1362 1386 1410 1434 1458 1482 1506 1530 1554 1578
 1602 1626 1650 1674 1698 1722 1746 1770 1794 1818
 1842 1866 1890 1914 1938 1962 1986 2010 2034 2058
 2082 2106 2130 2154 2178 2202 2226 2250 2274 2298
 2322 2346 2370 2394 2418 2442 2466 2490 2514 2538
 2562 2586 2610 2634 2658 2682 2706 2730 2754 2778
 2802 2826 2850 2874 2898 2922 2946 2970 2994 3018
 3042 3066 3090 3114 3138 3162 3186 3210 3234 3258
 3282 3306 3330 3354 3378 3402 3426 3450 3474 3498
 3522 3546 3570 3594 3618 3642 3666 3690 3714 3738
 3762 3786 3810 3834 3858 3882 3906 3930 3954 3978
 4002 4026 4050 4074 4098 4122 4146 4170 17 41
 65 89 113 137 161 185 209 233 257 281
 305 329 353 377 401 425 449 473 497 521
 545 569 593 617 641 665 689 713 737 761
 785 809 833 857 881 905 929 953 977 1001
 1025 1049 1073 1097 1121 1145 1169 1193 1217 1241
 1265 1289 1313 1337 1361 1385 1409 1433 1457 1481
 1505 1529 1553 1577 1601 1625 1649 1673 1697 1721
 1745 1769 1793 1817 1841 1865 1889 1913 1937 1961
 1985 2009 2033 2057 2081 2105 2129 2153 2177 2201
 2225 2249 2273 2297 2321 2345 2369 2393 2417 2441
 2465 2489 2513 2537 2561 2585 2609 2633 2657 2681
 2705 2729 2753 2777 2801 2825 2849 2873 2897 2921
 2945 2969 2993 3017 3041 3065 3089 3113 3137 3161
 3185 3209 3233 3257 3281 3305 3329 3353 3377 3401
 3425 3449 3473 3497 3521 3545 3569 3593 3617 3641
 3665 3689 3713 3737 3761 3785 3809 3833 3857 3881
 3905 3929 3953 3977 4001 4025 4049 4073 4097 4121
 4145 4169 16 40 64 88 112 136 160 184
 208 232 256 280 304 328 352 376 400 424
 448 472 496 520 544 568 592 616 640 664
 688 712 736 760 784 808 832 856 880 904
 928 952 976 1000 1024 1048 1072 1096 1120 1144
 1168 1192 1216 1240 1264 1288 1312 1336 1360 1384
 1408 1432 1456 1480 1504 1528 1552 1576 1600 1624
 1648 1672 1696 1720 1744 1768 1792 1816 1840 1864
 1888 1912 1936 1960 1984 2008 2032 2056 2080 2104
 2128 2152 2176 2200 2224 2248 2272 2296 2320 2344
 2368 2392 2416 2440 2464 2488 2512 2536 2560 2584
 2608 2632 2656 2680 2704 2728 2752 2776 2800 2824
 2848 2872 2896 2920 2944 2968 2992 3016 3040 3064
 3088 3112 3136 3160 3184 3208 3232 3256 3280 3304
 3328 3352 3376 3400 3424 3448 3472 3496 3520 3544
 3568 3592 3616 3640 3664 3688 3712 3736 3760 3784
 3808 3832 3856 3880 3904 3928 3952 3976 4000 4024
 4048 4072 4096 4120 4144 4168 15 39 63 87
 111 135 159 183 207 231 255 279 303 327
 351 375 399 423 447 471 495 519 543 567
 591 615 639 663 687 711 735 759 783 807
 831 855 879 903 927 951 975 999 1023 1047
 1071 1095 1119 1143 1167 1191 1215 1239 1263 1287
 1311 1335 1359 1383 1407 1431 1455 1479 1503 1527
 1551 1575 1599 1623 1647 1671 1695 1719 1743 1767
 1791 1815 1839 1863 1887 1911 1935 1959 1983 2007
 2031 2055 2079 2103 2127 2151 2175 2199 2223 2247
 2271 2295 2319 2343 2367 2391 2415 2439 2463 2487
 2511 2535 2559 2583 2607 2631 2655 2679 2703 2727
 2751 2775 2799 2823 2847 2871 2895 2919 2943 2967
 2991 3015 3039 3063 3087 3111 3135 3159 3183 3207
 3231 3255 3279 3303 3327 3351 3375 3399 3423 3447
 3471 3495 3519 3543 3567 3591 3615 3639 3663 3687
 3711 3735 3759 3783 3807 3831 3855 3879 3903 3927
 3951 3975 3999 4023 4047 4071 4095 4119 4143 4167
 14 38 62 86 110 134 158 182 206 230
 254 278 302 326 350 374 398 422 446 470
 494 518 542 566 590 614 638 662 686 710
 734 758 782 806 830 854 878 902 926 950
 974 998 1022 1046 1070 1094 1118 1142 1166 1190
 1214 1238 1262 1286 1310 1334 1358 1382 1406 1430
 1454 1478 1502 1526 1550 1574 1598 1622 1646 1670
 1694 1718 1742 1766 1790 1814 1838 1862 1886 1910
 1934 1958 1982 2006 2030 2054 2078 2102 2126 2150
 2174 2198 2222 2246 2270 2294 2318 2342 2366 2390
 2414 2438 2462 2486 2510 2534 2558 2582 2606 2630
 2654 2678 2702 2726 2750 2774 2798 2822 2846 2870
 2894 2918 2942 2966 2990 3014 3038 3062 3086 3110
 3134 3158 3182 3206 3230 3254 3278 3302 3326 3350
 3374 3398 3422 3446 3470 3494 3518 3542 3566 3590
 3614 3638 3662 3686 3710 3734 3758 3782 3806 3830
 3854 3878 3902 3926 3950 3974 3998 4022 4046 4070
 4094 4118 4142 4166 13 37 61 85 109 133
 157 181 205 229 253 277 301 325 349 373
 397 421 445 469 493 517 541 565 589 613
 637 661 685 709 733 757 781 805 829 853
 877 901 925 949 973 997 1021 1045 1069 1093
 1117 1141 1165 1189 1213 1237 1261 1285 1309 1333
 1357 1381 1405 1429 1453 1477 1501 1525 1549 1573
 1597 1621 1645 1669 1693 1717 1741 1765 1789 1813
 1837 1861 1885 1909 1933 1957 1981 2005 2029 2053
 2077 2101 2125 2149 2173 2197 2221 2245 2269 2293
 2317 2341 2365 2389 2413 2437 2461 2485 2509 2533
 2557 2581 2605 2629 2653 2677 2701 2725 2749 2773
 2797 2821 2845 2869 2893 2917 2941 2965 2989 3013
 3037 3061 3085 3109 3133 3157 3181 3205 3229 3253
 3277 3301 3325 3349 3373 3397 3421 3445 3469 3493
 3517 3541 3565 3589 3613 3637 3661 3685 3709 3733
 3757 3781 3805 3829 3853 3877 3901 3925 3949 3973
 3997 4021 4045 4069 4093 4117 4141 4165 12 36
 60 84 108 132 156 180 204 228 252 276
 300 324 348 372 396 420 444 468 492 516
 540 564 588 612 636 660 684 708 732 756
 780 804 828 852 876 900 924 948 972 996
 1020 1044 1068 1092 1116 1140 1164 1188 1212 1236
 1260 1284 1308 1332 1356 1380 1404 1428 1452 1476
 1500 1524 1548 1572 1596 1620 1644 1668 1692 1716
 1740 1764 1788 1812 1836 1860 1884 1908 1932 1956
 1980 2004 2028 2052 2076 2100 2124 2148 2172 2196
 2220 2244 2268 2292 2316 2340 2364 2388 2412 2436
 2460 2484 2508 2532 2556 2580 2604 2628 2652 2676
 2700 2724 2748 2772 2796 2820 2844 2868 2892 2916
 2940 2964 2988 3012 3036 3060 3084 3108 3132 3156
 3180 3204 3228 3252 3276 3300 3324 3348 3372 3396
 3420 3444 3468 3492 3516 3540 3564 3588 3612 3636
 3660 3684 3708 3732 3756 3780 3804 3828 3852 3876
 3900 3924 3948 3972 3996 4020 4044 4068 4092 4116
 4140 4164 11 35 59 83 107 131 155 179
 203 227 251 275 299 323 347 371 395 419
 443 467 491 515 539 563 587 611 635 659
 683 707 731 755 779 803 827 851 875 899
 923 947 971 995 1019 1043 1067 1091 1115 1139
 1163 1187 1211 1235 1259 1283 1307 1331 1355 1379
 1403 1427 1451 1475 1499 1523 1547 1571 1595 1619
 1643 1667 1691 1715 1739 1763 1787 1811 1835 1859
 1883 1907 1931 1955 1979 2003 2027 2051 2075 2099
 2123 2147 2171 2195 2219 2243 2267 2291 2315 2339
 2363 2387 2411 2435 2459 2483 2507 2531 2555 2579
 2603 2627 2651 2675 2699 2723 2747 2771 2795 2819
 2843 2867 2891 2915 2939 2963 2987 3011 3035 3059
 3083 3107 3131 3155 3179 3203 3227 3251 3275 3299
 3323 3347 3371 3395 3419 3443 3467 3491 3515 3539
 3563 3587 3611 3635 3659 3683 3707 3731 3755 3779
 3803 3827 3851 3875 3899 3923 3947 3971 3995 4019
 4043 4067 4091 4115 4139 4163 10 34 58 82
 106 130 154 178 202 226 250 274 298 322
 346 370 394 418 442 466 490 514 538 562
 586 610 634 658 682 706 730 754 778 802
 826 850 874 898 922 946 970 994 1018 1042
 1066 1090 1114 1138 1162 1186 1210 1234 1258 1282
 1306 1330 1354 1378 1402 1426 1450 1474 1498 1522
 1546 1570 1594 1618 1642 1666 1690 1714 1738 1762
 1786 1810 1834 1858 1882 1906 1930 1954 1978 2002
 2026 2050 2074 2098 2122 2146 2170 2194 2218 2242
 2266 2290 2314 2338 2362 2386 2410 2434 2458 2482
 2506 2530 2554 2578 2602 2626 2650 2674 2698 2722
 2746 2770 2794 2818 2842 2866 2890 2914 2938 2962
 2986 3010 3034 3058 3082 3106 3130 3154 3178 3202
 3226 3250 3274 3298 3322 3346 3370 3394 3418 3442
 3466 3490 3514 3538 3562 3586 3610 3634 3658 3682
 3706 3730 3754 3778 3802 3826 3850 3874 3898 3922
 3946 3970 3994 4018 4042 4066 4090 4114 4138 4162
 9 33 57 81 105 129 153 177 201 225
 249 273 297 321 345 369 393 417 441 465
 489 513 537 561 585 609 633 657 681 705
 729 753 777 801 825 849 873 897 921 945
 969 993 1017 1041 1065 1089 1113 1137 1161 1185
 1209 1233 1257 1281 1305 1329 1353 1377 1401 1425
 1449 1473 1497 1521 1545 1569 1593 1617 1641 1665
 1689 1713 1737 1761 1785 1809 1833 1857 1881 1905
 1929 1953 1977 2001 2025 2049 2073 2097 2121 2145
 2169 2193 2217 2241 2265 2289 2313 2337 2361 2385
 2409 2433 2457 2481 2505 2529 2553 2577 2601 2625
 2649 2673 2697 2721 2745 2769 2793 2817 2841 2865
 2889 2913 2937 2961 2985 3009 3033 3057 3081 3105
 3129 3153 3177 3201 3225 3249 3273 3297 3321 3345
 3369 3393 3417 3441 3465 3489 3513 3537 3561 3585
 3609 3633 3657 3681 3705 3729 3753 3777 3801 3825
 3849 3873 3897 3921 3945 3969 3993 4017 4041 4065
 4089 4113 4137 4161 8 32 56 80 104 128
 152 176 200 224 248 272 296 320 344 368
 392 416 440 464 488 512 536 560 584 608
 632 656 680 704 728 752 776 800 824 848
 872 896 920 944 968 992 1016 1040 1064 1088
 1112 1136 1160 1184 1208 1232 1256 1280 1304 1328
 1352 1376 1400 1424 1448 1472 1496 1520 1544 1568
 1592 1616 1640 1664 1688 1712 1736 1760 1784 1808
 1832 1856 1880 1904 1928 1952 1976 2000 2024 2048
 2072 2096 2120 2144 2168 2192 2216 2240 2264 2288
 2312 2336 2360 2384 2408 2432 2456 2480 2504 2528
 2552 2576 2600 2624 2648 2672 2696 2720 2744 2768
 2792 2816 2840 2864 2888 2912 2936 2960 2984 3008
 3032 3056 3080 3104 3128 3152 3176 3200 3224 3248
 3272 3296 3320 3344 3368 3392 3416 3440 3464 3488
 3512 3536 3560 3584 3608 3632 3656 3680 3704 3728
 3752 3776 3800 3824 3848 3872 3896 3920 3944 3968
 3992 4016 4040 4064 4088 4112 4136 4160 7 31
 55 79 103 127 151 175 199 223 247 271
 295 319 343 367 391 415 439 463 487 511
 535 559 583 607 631 655 679 703 727 751
 775 799 823 847 871 895 919 943 967 991
 1015 1039 1063 1087 1111 1135 1159 1183 1207 1231
 1255 1279 1303 1327 1351 1375 1399 1423 1447 1471
 1495 1519 1543 1567 1591 1615 1639 1663 1687 1711
 1735 1759 1783 1807 1831 1855 1879 1903 1927 1951
 1975 1999 2023 2047 2071 2095 2119 2143 2167 2191
 2215 2239 2263 2287 2311 2335 2359 2383 2407 2431
 2455 2479 2503 2527 2551 2575 2599 2623 2647 2671
 2695 2719 2743 2767 2791 2815 2839 2863 2887 2911
 2935 2959 2983 3007 3031 3055 3079 3103 3127 3151
 3175 3199 3223 3247 3271 3295 3319 3343 3367 3391
 3415 3439 3463 3487 3511 3535 3559 3583 3607 3631
 3655 3679 3703 3727 3751 3775 3799 3823 3847 3871
 3895 3919 3943 3967 3991 4015 4039 4063 4087 4111
 4135 4159 6 30 54 78 102 126 150 174
 198 222 246 270 294 318 342 366 390 414
 438 462 486 510 534 558 582 606 630 654
 678 702 726 750 774 798 822 846 870 894
 918 942 966 990 1014 1038 1062 1086 1110 1134
 1158 1182 1206 1230 1254 1278 1302 1326 1350 1374
 1398 1422 1446 1470 1494 1518 1542 1566 1590 1614
 1638 1662 1686 1710 1734 1758 1782 1806 1830 1854
 1878 1902 1926 1950 1974 1998 2022 2046 2070 2094
 2118 2142 2166 2190 2214 2238 2262 2286 2310 2334
 2358 2382 2406 2430 2454 2478 2502 2526 2550 2574
 2598 2622 2646 2670 2694 2718 2742 2766 2790 2814
 2838 2862 2886 2910 2934 2958 2982 3006 3030 3054
 3078 3102 3126 3150 3174 3198 3222 3246 3270 3294
 3318 3342 3366 3390 3414 3438 3462 3486 3510 3534
 3558 3582 3606 3630 3654 3678 3702 3726 3750 3774
 3798 3822 3846 3870 3894 3918 3942 3966 3990 4014
 4038 4062 4086 4110 4134 4158 5 29 53 77
 101 125 149 173 197 221 245 269 293 317
 341 365 389 413 437 461 485 509 533 557
 581 605 629 653 677 701 725 749 773 797
 821 845 869 893 917 941 965 989 1013 1037
 1061 1085 1109 1133 1157 1181 1205 1229 1253 1277
 1301 1325 1349 1373 1397 1421 1445 1469 1493 1517
 1541 1565 1589 1613 1637 1661 1685 1709 1733 1757
 1781 1805 1829 1853 1877 1901 1925 1949 1973 1997
 2021 2045 2069 2093 2117 2141 2165 2189 2213 2237
 2261 2285 2309 2333 2357 2381 2405 2429 2453 2477
 2501 2525 2549 2573 2597 2621 2645 2669 2693 2717
 2741 2765 2789 2813 2837 2861 2885 2909 2933 2957
 2981 3005 3029 3053 3077 3101 3125 3149 3173 3197
 3221 3245 3269 3293 3317 3341 3365 3389 3413 3437
 3461 3485 3509 3533 3557 3581 3605 3629 3653 3677
 3701 3725 3749 3773 3797 3821 3845 3869 3893 3917
 3941 3965 3989 4013 4037 4061 4085 4109 4133 4157
 4 28 52 76 100 124 148 172 196 220
 244 268 292 316 340 364 388 412 436 460
 484 508 532 556 580 604 628 652 676 700
 724 748 772 796 820 844 868 892 916 940
 964 988 1012 1036 1060 1084 1108 1132 1156 1180
 1204 1228 1252 1276 1300 1324 1348 1372 1396 1420
 1444 1468 1492 1516 1540 1564 1588 1612 1636 1660
 1684 1708 1732 1756 1780 1804 1828 1852 1876 1900
 1924 1948 1972 1996 2020 2044 2068 2092 2116 2140
 2164 2188 2212 2236 2260 2284 2308 2332 2356 2380
 2404 2428 2452 2476 2500 2524 2548 2572 2596 2620
 2644 2668 2692 2716 2740 2764 2788 2812 2836 2860
 2884 2908 2932 2956 2980 3004 3028 3052 3076 3100
 3124 3148 3172 3196 3220 3244 3268 3292 3316 3340
 3364 3388 3412 3436 3460 3484 3508 3532 3556 3580
 3604 3628 3652 3676 3700 3724 3748 3772 3796 3820
 3844 3868 3892 3916 3940 3964 3988 4012 4036 4060
 4084 4108 4132 4156 3 27 51 75 99 123
 147 171 195 219 243 267 291 315 339 363
 387 411 435 459 483 507 531 555 579 603
 627 651 675 699 723 747 771 795 819 843
 867 891 915 939 963 987 1011 1035 1059 1083
 1107 1131 1155 1179 1203 1227 1251 1275 1299 1323
 1347 1371 1395 1419 1443 1467 1491 1515 1539 1563
 1587 1611 1635 1659 1683 1707 1731 1755 1779 1803
 1827 1851 1875 1899 1923 1947 1971 1995 2019 2043
 2067 2091 2115 2139 2163 2187 2211 2235 2259 2283
 2307 2331 2355 2379 2403 2427 2451 2475 2499 2523
 2547 2571 2595 2619 2643 2667 2691 2715 2739 2763
 2787 2811 2835 2859 2883 2907 2931 2955 2979 3003
 3027 3051 3075 3099 3123 3147 3171 3195 3219 3243
 3267 3291 3315 3339 3363 3387 3411 3435 3459 3483
 3507 3531 3555 3579 3603 3627 3651 3675 3699 3723
 3747 3771 3795 3819 3843 3867 3891 3915 3939 3963
 3987 4011 4035 4059 4083 4107 4131 4155 2 26
 50 74 98 122 146 170 194 218 242 266
 290 314 338 362 386 410 434 458 482 506
 530 554 578 602 626 650 674 698 722 746
 770 794 818 842 866 890 914 938 962 986
 1010 1034 1058 1082 1106 1130 1154 1178 1202 1226
 1250 1274 1298 1322 1346 1370 1394 1418 1442 1466
 1490 1514 1538 1562 1586 1610 1634 1658 1682 1706
 1730 1754 1778 1802 1826 1850 1874 1898 1922 1946
 1970 1994 2018 2042 2066 2090 2114 2138 2162 2186
 2210 2234 2258 2282 2306 2330 2354 2378 2402 2426
 2450 2474 2498 2522 2546 2570 2594 2618 2642 2666
 2690 2714 2738 2762 2786 2810 2834 2858 2882 2906
 2930 2954 2978 3002 3026 3050 3074 3098 3122 3146
 3170 3194 3218 3242 3266 3290 3314 3338 3362 3386
 3410 3434 3458 3482 3506 3530 3554 3578 3602 3626
 3650 3674 3698 3722 3746 3770 3794 3818 3842 3866
 3890 3914 3938 3962 3986 4010 4034 4058 4082 4106
 4130 4154 1 25 49 73 97 121 145 169
 193 217 241 265 289 313 337 361 385 409
 433 457 481 505 529 553 577 601 625 649
 673 697 721 745 769 793 817 841 865 889
 913 937 961 985 1009 1033 1057 1081 1105 1129
 1153 1177 1201 1225 1249 1273 1297 1321 1345 1369
 1393 1417 1441 1465 1489 1513 1537 1561 1585 1609
 1633 1657 1681 1705 1729 1753 1777 1801 1825 1849
 1873 1897 1921 1945 1969 1993 2017 2041 2065 2089
 2113 2137 2161 2185 2209 2233 2257 2281 2305 2329
 2353 2377 2401 2425 2449 2473 2497 2521 2545 2569
 2593 2617 2641 2665 2689 2713 2737 2761 2785 2809
 2833 2857 2881 2905 2929 2953 2977 3001 3025 3049
 3073 3097 3121 3145 3169 3193 3217 3241 3265 3289
 3313 3337 3361 3385 3409 3433 3457 3481 3505 3529
 3553 3577 3601 3625 3649 3673 3697 3721 3745 3769
 3793 3817 3841 3865 3889 3913 3937 3961 3985 4009
 4033 4057 4081 4105 4129 4153 0 24 48 72
 96 120 144 168 192 216 240 264 288 312
 336 360 384 408 432 456 480 504 528 552
 576 600 624 648 672 696 720 744 768 792
 816 840 864 888 912 936 960 984 1008 1032
 1056 1080 1104 1128 1152 1176 1200 1224 1248 1272
 1296 1320 1344 1368 1392 1416 1440 1464 1488 1512
 1536 1560 1584 1608 1632 1656 1680 1704 1728 1752
 1776 1800 1824 1848 1872 1896 1920 1944 1968 1992
 2016 2040 2064 2088 2112 2136 2160 2184 2208 2232
 2256 2280 2304 2328 2352 2376 2400 2424 2448 2472
 2496 2520 2544 2568 2592 2616 2640 2664 2688 2712
 2736 2760 2784 2808 2832 2856 2880 2904 2928 2952
 2976 3000 3024 3048 3072 3096 3120 3144 3168 3192
 3216 3240 3264 3288 3312 3336 3360 3384 3408 3432
 3456 3480 3504 3528 3552 3576 3600 3624 3648 3672
 3696 3720 3744 3768 3792 3816 3840 3864 3888 3912
 3936 3960 3984 4008 4032 4056 4080 4104 4128 4152
 23 47 71 95 119 143 167 191 215 239
 263 287 311 335 359 383 407 431 455 479
 503 527 551 575 599 623 647 671 695 719
 743 767 791 815 839 863 887 911 935 959
 983 1007 1031 1055 1079 1103 1127 1151 1175 1199
 1223 1247 1271 1295 1319 1343 1367 1391 1415 1439
 1463 1487 1511 1535 1559 1583 1607 1631 1655 1679
 1703 1727 1751 1775 1799 1823 1847 1871 1895 1919
 1943 1967 1991 2015 2039 2063 2087 2111 2135 2159
 2183 2207 2231 2255 2279 2303 2327 2351 2375 2399
 2423 2447 2471 2495 2519 2543 2567 2591 2615 2639
 2663 2687 2711 2735 2759 2783 2807 2831 2855 2879
 2903 2927 2951 2975 2999 3023 3047 3071 3095 3119
 3143 3167 3191 3215 3239 3263 3287 3311 3335 3359
 3383 3407 3431 3455 3479 3503 3527 3551 3575 3599
 3623 3647 3671 3695 3719 3743 3767 3791 3815 3839
 3863 3887 3911 3935 3959 3983 4007 4031 4055 4079
 4103 4127 4151 4175 22 46 70 94 118 142
 166 190 214 238 262 286 310 334 358 382
 406 430 454 478 502 526 550 574 598 622
 646 670 694 718 742 766 790 814 838 862
 886 910 934 958 982 1006 1030 1054 1078 1102
 1126 1150 1174 1198 1222 1246 1270 1294 1318 1342
 1366 1390 1414 1438 1462 1486 1510 1534 1558 1582
 1606 1630 1654 1678 1702 1726 1750 1774 1798 1822
 1846 1870 1894 1918 1942 1966 1990 2014 2038 2062
 2086 2110 2134 2158 2182 2206 2230 2254 2278 2302
 2326 2350 2374 2398 2422 2446 2470 2494 2518 2542
 2566 2590 2614 2638 2662 2686 2710 2734 2758 2782
 2806 2830 2854 2878 2902 2926 2950 2974 2998 3022
 3046 3070 3094 3118 3142 3166 3190 3214 3238 3262
 3286 3310 3334 3358 3382 3406 3430 3454 3478 3502
 3526 3550 3574 3598 3622 3646 3670 3694 3718 3742
 3766 3790 3814 3838 3862 3886 3910 3934 3958 3982
 4006 4030 4054 4078 4102 4126 4150 4174 21 45
 69 93 117 141 165 189 213 237 261 285
 309 333 357 381 405 429 453 477 501 525
 549 573 597 621 645 669 693 717 741 765
 789 813 837 861 885 909 933 957 981 1005
 1029 1053 1077 1101 1125 1149 1173 1197 1221 1245
 1269 1293 1317 1341 1365 1389 1413 1437 1461 1485
 1509 1533 1557 1581 1605 1629 1653 1677 1701 1725
 1749 1773 1797 1821 1845 1869 1893 1917 1941 1965
 1989 2013 2037 2061 2085 2109 2133 2157 2181 2205
 2229 2253 2277 2301 2325 2349 2373 2397 2421 2445
 2469 2493 2517 2541 2565 2589 2613 2637 2661 2685
 2709 2733 2757 2781 2805 2829 2853 2877 2901 2925
 2949 2973 2997 3021 3045 3069 3093 3117 3141 3165
 3189 3213 3237 3261 3285 3309 3333 3357 3381 3405
 3429 3453 3477 3501 3525 3549 3573 3597 3621 3645
 3669 3693 3717 3741 3765 3789 3813 3837 3861 3885
 3909 3933 3957 3981 4005 4029 4053 4077 4101 4125
 4149 4173 20 44 68 92 116 140 164 188
 212 236 260 284 308 332 356 380 404 428
 452 476 500 524 548 572 596 620 644 668
 692 716 740 764 788 812 836 860 884 908
 932 956 980 1004 1028 1052 1076 1100 1124 1148
 1172 1196 1220 1244 1268 1292 1316 1340 1364 1388
 1412 1436 1460 1484 1508 1532 1556 1580 1604 1628
 1652 1676 1700 1724 1748 1772 1796 1820 1844 1868
 1892 1916 1940 1964 1988 2012 2036 2060 2084 2108
 2132 2156 2180 2204 2228 2252 2276 2300 2324 2348
 2372 2396 2420 2444 2468 2492 2516 2540 2564 2588
 2612 2636 2660 2684 2708 2732 2756 2780 2804 2828
 2852 2876 2900 2924 2948 2972 2996 3020 3044 3068
 3092 3116 3140 3164 3188 3212 3236 3260 3284 3308
 3332 3356 3380 3404 3428 3452 3476 3500 3524 3548
 3572 3596 3620 3644 3668 3692 3716 3740 3764 3788
 3812 3836 3860 3884 3908 3932 3956 3980 4004 4028
 4052 4076 4100 4124 4148 4172 19 43 67 91
 115 139 163 187 211 235 259 283 307 331
 355 379 403 427 451 475 499 523 547 571
 595 619 643 667 691 715 739 763 787 811
 835 859 883 907 931 955 979 1003 1027 1051
 1075 1099 1123 1147 1171 1195 1219 1243 1267 1291
 1315 1339 1363 1387 1411 1435 1459 1483 1507 1531
 1555 1579 1603 1627 1651 1675 1699 1723 1747 1771
 1795 1819 1843 1867 1891 1915 1939 1963 1987 2011
 2035 2059 2083 2107 2131 2155 2179 2203 2227 2251
 2275 2299 2323 2347 2371 2395 2419 2443 2467 2491
 2515 2539 2563 2587 2611 2635 2659 2683 2707 2731
 2755 2779 2803 2827 2851 2875 2899 2923 2947 2971
 2995 3019 3043 3067 3091 3115 3139 3163 3187 3211
 3235 3259 3283 3307 3331 3355 3379 3403 3427 3451
 3475 3499 3523 3547 3571 3595 3619 3643 3667 3691
 3715 3739 3763 3787 3811 3835 3859 3883 3907 3931
 3955 3979 4003 4027 4051 4075 4099 4123 4147 4171
 18 42 66 90 114 138 162 186 210 234
 258 282 306 330 354 378 402 426 450 474
 498 522 546 570 594 618 642 666 690 714
 738 762 786 810 834 858 882 906 930 954
 978 1002 1026 1050 1074 1098 1122 1146 1170 1194
 1218 1242 1266 1290 1314 1338 1362 1386 1410 1434
 1458 1482 1506 1530 1554 1578 1602 1626 1650 1674
 1698 1722 1746 1770 1794 1818 1842 1866 1890 1914
 1938 1962 1986 2010 2034 2058 2082 2106 2130 2154
 2178 2202 2226 2250 2274 2298 2322 2346 2370 2394
 2418 2442 2466 2490 2514 2538 2562 2586 2610 2634
 2658 2682 2706 2730 2754 2778 2802 2826 2850 2874
 2898 2922 2946 2970 2994 3018 3042 3066 3090 3114
 3138 3162 3186 3210 3234 3258 3282 3306 3330 3354
 3378 3402 3426 3450 3474 3498 3522 3546 3570 3594
 3618 3642 3666 3690 3714 3738 3762 3786 3810 3834
 3858 3882 3906 3930 3954 3978 4002 4026 4050 4074
 4098 4122 4146 4170 17 41 65 89 113 137
 161 185 209 233 257 281 305 329 353 377
 401 425 449 473 497 521 545 569 593 617
 641 665 689 713 737 761 785 809 833 857
 881 905 929 953 977 1001 1025 1049 1073 1097
 1121 1145 1169 1193 1217 1241 1265 1289 1313 1337
 1361 1385 1409 1433 1457 1481 1505 1529 1553 1577
 1601 1625 1649 1673 1697 1721 1745 1769 1793 1817
 1841 1865 1889 1913 1937 1961 1985 2009 2033 2057
 2081 2105 2129 2153 2177 2201 2225 2249 2273 2297
 2321 2345 2369 2393 2417 2441 2465 2489 2513 2537
 2561 2585 2609 2633 2657 2681 2705 2729 2753 2777
 2801 2825 2849 2873 2897 2921 2945 2969 2993 3017
 3041 3065 3089 3113 3137 3161 3185 3209 3233 3257
 3281 3305 3329 3353 3377 3401 3425 3449 3473 3497
 3521 3545 3569 3593 3617 3641 3665 3689 3713 3737
 3761 3785 3809 3833 3857 3881 3905 3929 3953 3977
 4001 4025 4049 4073 4097 4121 4145 4169 16 40
 64 88 112 136 160 184 208 232 256 280
 304 328 352 376 400 424 448 472 496 520
 544 568 592 616 640 664 688 712 736 760
 784 808 832 856 880 904 928 952 976 1000
 1024 1048 1072 1096 1120 1144 1168 1192 1216 1240
 1264 1288 1312 1336 1360 1384 1408 1432 1456 1480
 1504 1528 1552 1576 1600 1624 1648 1672 1696 1720
 1744 1768 1792 1816 1840 1864 1888 1912 1936 1960
 1984 2008 2032 2056 2080 2104 2128 2152 2176 2200
 2224 2248 2272 2296 2320 2344 2368 2392 2416 2440
 2464 2488 2512 2536 2560 2584 2608 2632 2656 2680
 2704 2728 2752 2776 2800 2824 2848 2872 2896 2920
 2944 2968 2992 3016 3040 3064 3088 3112 3136 3160
 3184 3208 3232 3256 3280 3304 3328 3352 3376 3400
 3424 3448 3472 3496 3520 3544 3568 3592 3616 3640
 3664 3688 3712 3736 3760 3784 3808 3832 3856 3880
 3904 3928 3952 3976 4000 4024 4048 4072 4096 4120
 4144 4168 15 39 63 87 111 135 159 183
 207 231 255 279 303 327 351 375 399 423
 447 471 495 519 543 567 591 615 639 663
 687 711 735 759 783 807 831 855 879 903
 927 951 975 999 1023 1047 1071 1095 1119 1143
 1167 1191 1215 1239 1263 1287 1311 1335 1359 1383
 1407 1431 1455 1479 1503 1527 1551 1575 1599 1623
 1647 1671 1695 1719 1743 1767 1791 1815 1839 1863
 1887 1911 1935 1959 1983 2007 2031 2055 2079 2103
 2127 2151 2175 2199 2223 2247 2271 2295 2319 2343
 2367 2391 2415 2439 2463 2487 2511 2535 2559 2583
 2607 2631 2655 2679 2703 2727 2751 2775 2799 2823
 2847 2871 2895 2919 2943 2967 2991 3015 3039 3063
 3087 3111 3135 3159 3183 3207 3231 3255 3279 3303
 3327 3351 3375 3399 3423 3447 3471 3495 3519 3543
 3567 3591 3615 3639 3663 3687 3711 3735 3759 3783
 3807 3831 3855 3879 3903 3927 3951 3975 3999 4023
 4047 4071 4095 4119 4143 4167 14 38 62 86
 110 134 158 182 206 230 254 278 302 326
 350 374 398 422 446 470 494 518 542 566
 590 614 638 662 686 710 734 758 782 806
 830 854 878 902 926 950 974 998 1022 1046
 1070 1094 1118 1142 1166 1190 1214 1238 1262 1286
 1310 1334 1358 1382 1406 1430 1454 1478 1502 1526
 1550 1574 1598 1622 1646 1670 1694 1718 1742 1766
 1790 1814 1838 1862 1886 1910 1934 1958 1982 2006
 2030 2054 2078 2102 2126 2150 2174 2198 2222 2246
 2270 2294 2318 2342 2366 2390 2414 2438 2462 2486
 2510 2534 2558 2582 2606 2630 2654 2678 2702 2726
 2750 2774 2798 2822 2846 2870 2894 2918 2942 2966
 2990 3014 3038 3062 3086 3110 3134 3158 3182 3206
 3230 3254 3278 3302 3326 3350 3374 3398 3422 3446
 3470 3494 3518 3542 3566 3590 3614 3638 3662 3686
 3710 3734 3758 3782 3806 3830 3854 3878 3902 3926
 3950 3974 3998 4022 4046 4070 4094 4118 4142 4166
 13 37 61 85 109 133 157 181 205 229
 253 277 301 325 349 373 397 421 445 469
 493 517 541 565 589 613 637 661 685 709
 733 757 781 805 829 853 877 901 925 949
 973 997 1021 1045 1069 1093 1117 1141 1165 1189
 1213 1237 1261 1285 1309 1333 1357 1381 1405 1429
 1453 1477 1501 1525 1549 1573 1597 1621 1645 1669
 1693 1717 1741 1765 1789 1813 1837 1861 1885 1909
 1933 1957 1981 2005 2029 2053 2077 2101 2125 2149
 2173 2197 2221 2245 2269 2293 2317 2341 2365 2389
 2413 2437 2461 2485 2509 2533 2557 2581 2605 2629
 2653 2677 2701 2725 2749 2773 2797 2821 2845 2869
 2893 2917 2941 2965 2989 3013 3037 3061 3085 3109
 3133 3157 3181 3205 3229 3253 3277 3301 3325 3349
 3373 3397 3421 3445 3469 3493 3517 3541 3565 3589
 3613 3637 3661 3685 3709 3733 3757 3781 3805 3829
 3853 3877 3901 3925 3949 3973 3997 4021 4045 4069
 4093 4117 4141 4165 12 36 60 84 108 132
 156 180 204 228 252 276 300 324 348 372
 396 420 444 468 492 516 540 564 588 612
 636 660 684 708 732 756 780 804 828 852
 876 900 924 948 972 996 1020 1044 1068 1092
 1116 1140 1164 1188 1212 1236 1260 1284 1308 1332
 1356 1380 1404 1428 1452 1476 1500 1524 1548 1572
 1596 1620 1644 1668 1692 1716 1740 1764 1788 1812
 1836 1860 1884 1908 1932 1956 1980 2004 2028 2052
 2076 2100 2124 2148 2172 2196 2220 2244 2268 2292
 2316 2340 2364 2388 2412 2436 2460 2484 2508 2532
 2556 2580 2604 2628 2652 2676 2700 2724 2748 2772
 2796 2820 2844 2868 2892 2916 2940 2964 2988 3012
 3036 3060 3084 3108 3132 3156 3180 3204 3228 3252
 3276 3300 3324 3348 3372 3396 3420 3444 3468 3492
 3516 3540 3564 3588 3612 3636 3660 3684 3708 3732
 3756 3780 3804 3828 3852 3876 3900 3924 3948 3972
 3996 4020 4044 4068 4092 4116 4140 4164 11 35
 59 83 107 131 155 179 203 227 251 275
 299 323 347 371 395 419 443 467 491 515
 539 563 587 611 635 659 683 707 731 755
 779 803 827 851 875 899 923 947 971 995
 1019 1043 1067 1091 1115 1139 1163 1187 1211 1235
 1259 1283 1307 1331 1355 1379 1403 1427 1451 1475
 1499 1523 1547 1571 1595 1619 1643 1667 1691 1715
 1739 1763 1787 1811 1835 1859 1883 1907 1931 1955
 1979 2003 2027 2051 2075 2099 2123 2147 2171 2195
 2219 2243 2267 2291 2315 2339 2363 2387 2411 2435
 2459 2483 2507 2531 2555 2579 2603 2627 2651 2675
 2699 2723 2747 2771 2795 2819 2843 2867 2891 2915
 2939 2963 2987 3011 3035 3059 3083 3107 3131 3155
 3179 3203 3227 3251 3275 3299 3323 3347 3371 3395
 3419 3443 3467 3491 3515 3539 3563 3587 3611 3635
 3659 3683 3707 3731 3755 3779 3803 3827 3851 3875
 3899 3923 3947 3971 3995 4019 4043 4067 4091 4115
 4139 4163 10 34 58 82 106 130 154 178
 202 226 250 274 298 322 346 370 394 418
 442 466 490 514 538 562 586 610 634 658
 682 706 730 754 778 802 826 850 874 898
 922 946 970 994 1018 1042 1066 1090 1114 1138
 1162 1186 1210 1234 1258 1282 1306 1330 1354 1378
 1402 1426 1450 1474 1498 1522 1546 1570 1594 1618
 1642 1666 1690 1714 1738 1762 1786 1810 1834 1858
 1882 1906 1930 1954 1978 2002 2026 2050 2074 2098
 2122 2146 2170 2194 2218 2242 2266 2290 2314 2338
 2362 2386 2410 2434 2458 2482 2506 2530 2554 2578
 2602 2626 2650 2674 2698 2722 2746 2770 2794 2818
 2842 2866 2890 2914 2938 2962 2986 3010 3034 3058
 3082 3106 3130 3154 3178 3202 3226 3250 3274 3298
 3322 3346 3370 3394 3418 3442 3466 3490 3514 3538
 3562 3586 3610 3634 3658 3682 3706 3730 3754 3778
 3802 3826 3850 3874 3898 3922 3946 3970 3994 4018
 4042 4066 4090 4114 4138 4162 9 33 57 81
 105 129 153 177 201 225 249 273 297 321
 345 369 393 417 441 465 489 513 537 561
 585 609 633 657 681 705 729 753 777 801
 825 849 873 897 921 945 969 993 1017 1041
 1065 1089 1113 1137 1161 1185 1209 1233 1257 1281
 1305 1329 1353 1377 1401 1425 1449 1473 1497 1521
 1545 1569 1593 1617 1641 1665 1689 1713 1737 1761
 1785 1809 1833 1857 1881 1905 1929 1953 1977 2001
 2025 2049 2073 2097 2121 2145 2169 2193 2217 2241
 2265 2289 2313 2337 2361 2385 2409 2433 2457 2481
 2505 2529 2553 2577 2601 2625 2649 2673 2697 2721
 2745 2769 2793 2817 2841 2865 2889 2913 2937 2961
 2985 3009 3033 3057 3081 3105 3129 3153 3177 3201
 3225 3249 3273 3297 3321 3345 3369 3393 3417 3441
 3465 3489 3513 3537 3561 3585 3609 3633 3657 3681
 3705 3729 3753 3777 3801 3825 3849 3873 3897 3921
 3945 3969 3993 4017 4041 4065 4089 4113 4137 4161
 8 32 56 80 104 128 152 176 200 224
 248 272 296 320 344 368 392 416 440 464
 488 512 536 560 584 608 632 656 680 704
 728 752 776 800 824 848 872 896 920 944
 968 992 1016 1040 1064 1088 1112 1136 1160 1184
 1208 1232 1256 1280 1304 1328 1352 1376 1400 1424
 1448 1472 1496 1520 1544 1568 1592 1616 1640 1664
 1688 1712 1736 1760 1784 1808 1832 1856 1880 1904
 1928 1952 1976 2000 2024 2048 2072 2096 2120 2144
 2168 2192 2216 2240 2264 2288 2312 2336 2360 2384
 2408 2432 2456 2480 2504 2528 2552 2576 2600 2624
 2648 2672 2696 2720 2744 2768 2792 2816 2840 2864
 2888 2912 2936 2960 2984 3008 3032 3056 3080 3104
 3128 3152 3176 3200 3224 3248 3272 3296 3320 3344
 3368 3392 3416 3440 3464 3488 3512 3536 3560 3584
 3608 3632 3656 3680 3704 3728 3752 3776 3800 3824
 3848 3872 3896 3920 3944 3968 3992 4016 4040 4064
 4088 4112 4136 4160 7 31 55 79 103 127
 151 175 199 223 247 271 295 319 343 367
 391 415 439 463 487 511 535 559 583 607
 631 655 679 703 727 751 775 799 823 847
 871 895 919 943 967 991 1015 1039 1063 1087
 1111 1135 1159 1183 1207 1231 1255 1279 1303 1327
 1351 1375 1399 1423 1447 1471 1495 1519 1543 1567
 1591 1615 1639 1663 1687 1711 1735 1759 1783 1807
 1831 1855 1879 1903 1927 1951 1975 1999 2023 2047
 2071 2095 2119 2143 2167 2191 2215 2239 2263 2287
 2311 2335 2359 2383 2407 2431 2455 2479 2503 2527
 2551 2575 2599 2623 2647 2671 2695 2719 2743 2767
 2791 2815 2839 2863 2887 2911 2935 2959 2983 3007
 3031 3055 3079 3103 3127 3151 3175 3199 3223 3247
 3271 3295 3319 3343 3367 3391 3415 3439 3463 3487
 3511 3535 3559 3583 3607 3631 3655 3679 3703 3727
 3751 3775 3799 3823 3847 3871 3895 3919 3943 3967
 3991 4015 4039 4063 4087 4111 4135 4159 6 30
 54 78 102 126 150 174 198 222 246 270
 294 318 342 366 390 414 438 462 486 510
 534 558 582 606 630 654 678 702 726 750
 774 798 822 846 870 894 918 942 966 990
 1014 1038 1062 1086 1110 1134 1158 1182 1206 1230
 1254 1278 1302 1326 1350 1374 1398 1422 1446 1470
 1494 1518 1542 1566 1590 1614 1638 1662 1686 1710
 1734 1758 1782 1806 1830 1854 1878 1902 1926 1950
 1974 1998 2022 2046 2070 2094 2118 2142 2166 2190
 2214 2238 2262 2286 2310 2334 2358 2382 2406 2430
 2454 2478 2502 2526 2550 2574 2598 2622 2646 2670
 2694 2718 2742 2766 2790 2814 2838 2862 2886 2910
 2934 2958 2982 3006 3030 3054 3078 3102 3126 3150
 3174 3198 3222 3246 3270 3294 3318 3342 3366 3390
 3414 3438 3462 3486 3510 3534 3558 3582 3606 3630
 3654 3678 3702 3726 3750 3774 3798 3822 3846 3870
 3894 3918 3942 3966 3990 4014 4038 4062 4086 4110
 4134 4158 5 29 53 77 101 125 149 173
 197 221 245 269 293 317 341 365 389 413
 437 461 485 509 533 557 581 605 629 653
 677 701 725 749 773 797 821 845 869 893
 917 941 965 989 1013 1037 1061 1085 1109 1133
 1157 1181 1205 1229 1253 1277 1301 1325 1349 1373
 1397 1421 1445 1469 1493 1517 1541 1565 1589 1613
 1637 1661 1685 1709 1733 1757 1781 1805 1829 1853
 1877 1901 1925 1949 1973 1997 2021 2045 2069 2093
 2117 2141 2165 2189 2213 2237 2261 2285 2309 2333
 2357 2381 2405 2429 2453 2477 2501 2525 2549 2573
 2597 2621 2645 2669 2693 2717 2741 2765 2789 2813
 2837 2861 2885 2909 2933 2957 2981 3005 3029 3053
 3077 3101 3125 3149 3173 3197 3221 3245 3269 3293
 3317 3341 3365 3389 3413 3437 3461 3485 3509 3533
 3557 3581 3605 3629 3653 3677 3701 3725 3749 3773
 3797 3821 3845 3869 3893 3917 3941 3965 3989 4013
 4037 4061 4085 4109 4133 4157 4 28 52 76
 100 124 148 172 196 220 244 268 292 316
 340 364 388 412 436 460 484 508 532 556
 580 604 628 652 676 700 724 748 772 796
 820 844 868 892 916 940 964 988 1012 1036
 1060 1084 1108 1132 1156 1180 1204 1228 1252 1276
 1300 1324 1348 1372 1396 1420 1444 1468 1492 1516
 1540 1564 1588 1612 1636 1660 1684 1708 1732 1756
 1780 1804 1828 1852 1876 1900 1924 1948 1972 1996
 2020 2044 2068 2092 2116 2140 2164 2188 2212 2236
 2260 2284 2308 2332 2356 2380 2404 2428 2452 2476
 2500 2524 2548 2572 2596 2620 2644 2668 2692 2716
 2740 2764 2788 2812 2836 2860 2884 2908 2932 2956
 2980 3004 3028 3052 3076 3100 3124 3148 3172 3196
 3220 3244 3268 3292 3316 3340 3364 3388 3412 3436
 3460 3484 3508 3532 3556 3580 3604 3628 3652 3676
 3700 3724 3748 3772 3796 3820 3844 3868 3892 3916
 3940 3964 3988 4012 4036 4060 4084 4108 4132 4156
 3 27 51 75 99 123 147 171 195 219
 243 267 291 315 339 363 387 411 435 459
 483 507 531 555 579 603 627 651 675 699
 723 747 771 795 819 843 867 891 915 939
 963 987 1011 1035 1059 1083 1107 1131 1155 1179
 1203 1227 1251 1275 1299 1323 1347 1371 1395 1419
 1443 1467 1491 1515 1539 1563 1587 1611 1635 1659
 1683 1707 1731 1755 1779 1803 1827 1851 1875 1899
 1923 1947 1971 1995 2019 2043 2067 2091 2115 2139
 2163 2187 2211 2235 2259 2283 2307 2331 2355 2379
 2403 2427 2451 2475 2499 2523 2547 2571 2595 2619
 2643 2667 2691 2715 2739 2763 2787 2811 2835 2859
 2883 2907 2931 2955 2979 3003 3027 3051 3075 3099
 3123 3147 3171 3195 3219 3243 3267 3291 3315 3339
 3363 3387 3411 3435 3459 3483 3507 3531 3555 3579
 3603 3627 3651 3675 3699 3723 3747 3771 3795 3819
 3843 3867 3891 3915 3939 3963 3987 4011 4035 4059
 4083 4107 4131 4155 2 26 50 74 98 122
 146 170 194 218 242 266 290 314 338 362
 386 410 434 458 482 506 530 554 578 602
 626 650 674 698 722 746 770 794 818 842
 866 890 914 938 962 986 1010 1034 1058 1082
 1106 1130 1154 1178 1202 1226 1250 1274 1298 1322
 1346 1370 1394 1418 1442 1466 1490 1514 1538 1562
 1586 1610 1634 1658 1682 1706 1730 1754 1778 1802
 1826 1850 1874 1898 1922 1946 1970 1994 2018 2042
 2066 2090 2114 2138 2162 2186 2210 2234 2258 2282
 2306 2330 2354 2378 2402 2426 2450 2474 2498 2522
 2546 2570 2594 2618 2642 2666 2690 2714 2738 2762
 2786 2810 2834 2858 2882 2906 2930 2954 2978 3002
 3026 3050 3074 3098 3122 3146 3170 3194 3218 3242
 3266 3290 3314 3338 3362 3386 3410 3434 3458 3482
 3506 3530 3554 3578 3602 3626 3650 3674 3698 3722
 3746 3770 3794 3818 3842 3866 3890 3914 3938 3962
 3986 4010 4034 4058 4082 4106 4130 4154 1 25
 49 73 97 121 145 169 193 217 241 265
 289 313 337 361 385 409 433 457 481 505
 529 553 577 601 625 649 673 697 721 745
 769 793 817 841 865 889 913 937 961 985
 1009 1033 1057 1081 1105 1129 1153 1177 1201 1225
 1249 1273 1297 1321 1345 1369 1393 1417 1441 1465
 1489 1513 1537 1561 1585 1609 1633 1657 1681 1705
 1729 1753 1777 1801 1825 1849 1873 1897 1921 1945
 1969 1993 2017 2041 2065 2089 2113 2137 2161 2185
 2209 2233 2257 2281 2305 2329 2353 2377 2401 2425
 2449 2473 2497 2521 2545 2569 2593 2617 2641 2665
 2689 2713 2737 2761 2785 2809 2833 2857 2881 2905
 2929 2953 2977 3001 3025 3049 3073 3097 3121 3145
 3169 3193 3217 3241 3265 3289 3313 3337 3361 3385
 3409 3433 3457 3481 3505 3529 3553 3577 3601 3625
 3649 3673 3697 3721 3745 3769 3793 3817 3841 3865
 3889 3913 3937 3961 3985 4009 4033 4057 4081 4105
 4129 4153 0 24 48 72 96 120 144 168
 192 216 240 264 288 312 336 360 384 408
 432 456 480 504 528 552 576 600 624 648
 672 696 720 744 768 792 816 840 864 888
 912 936 960 984 1008 1032 1056 1080 1104 1128
 1152 1176 1200 1224 1248 1272 1296 1320 1344 1368
 1392 1416 1440 1464 1488 1512 1536 1560 1584 1608
 1632 1656 1680 1704 1728 1752 1776 1800 1824 1848
 1872 1896 1920 1944 1968 1992 2016 2040 2064 2088
 2112 2136 2160 2184 2208 2232 2256 2280 2304 2328
 2352 2376 2400 2424 2448 2472 2496 2520 2544 2568
 2592 2616 2640 2664 2688 2712 2736 2760 2784 2808
 2832 2856 2880 2904 2928 2952 2976 3000 3024 3048
 3072 3096 3120 3144 3168 3192 3216 3240 3264 3288
 3312 3336 3360 3384 3408 3432 3456 3480 3504 3528
 3552 3576 3600 3624 3648 3672 3696 3720 3744 3768
 3792 3816 3840 3864 3888 3912 3936 3960 3984 4008
 4032 4056 4080 4104 4128 4152 4152 4153 4154 4155
 4156 4157 4158 4159 4160 4161 4162 4163 4164 4165
 4166 4167 4168 4169 4170 4171 4172 4173 4174 4175
 4175 4151 4127 4103 4079 4055 4031 4007 3983 3959
 3935 3911 3887 3863 3839 3815 3791 3767 3743 3719
 3695 3671 3647 3623 3599 3575 3551 3527 3503 3479
 3455 3431 3407 3383 3359 3335 3311 3287 3263 3239
 3215 3191 3167 3143 3119 3095 3071 3047 3023 2999
 2975 2951 2927 2903 2879 2855 2831 2807 2783 2759
 2735 2711 2687 2663 2639 2615 2591 2567 2543 2519
 2495 2471 2447 2423 2399 2375 2351 2327 2303 2279
 2255 2231 2207 2183 2159 2135 2111 2087 2063 2039
 2015 1991 1967 1943 1919 1895 1871 1847 1823 1799
 1775 1751 1727 1703 1679 1655 1631 1607 1583 1559
 1535 1511 1487 1463 1439 1415 1391 1367 1343 1319
 1295 1271 1247 1223 1199 1175 1151 1127 1103 1079
 1055 1031 1007 983 959 935 911 887 863 839
 815 791 767 743 719 695 671 647 623 599
 575 551 527 503 479 455 431 407 383 359
 335 311 287 263 239 215 191 167 143 119
 95 71 47 23 0 1 2 3 4 5
 6 7 8 9 10 11 12 13 14 15
 16 17 18 19 20 21 22 23
)
